0	file	8.757860819738195E-4	6.073399642833733E-4	0.0017020561082201774	0.06580788115792281	0.0024121830193109942	0.0012840323973919352	0.9228165528467973	0.002643293293098592	9.543357134479107E-4	8.965394175531962E-4
1	index	9.330905114761425E-4	6.470794290722878E-4	0.0018134250329725316	0.00468182821225384	0.0025700169637204234	0.001368049197281254	0.9831982798285773	0.002816249243513958	0.0010167798019513174	9.552017791808691E-4
2	sy	6.39969259193594E-4	4.4380575921588273E-4	0.0012437553063513523	0.0032110776991266902	0.0017626712866098862	9.382899306728832E-4	0.988476375786661	0.0019315521055132164	6.973683781098349E-4	6.551344885457165E-4
3	sy	5.042053845809778E-4	3.496562534685837E-4	0.21312114726735745	0.0025298756822283645	0.0013887360075308457	7.39239937773742E-4	0.7787797680012589	0.0015217902394650481	5.494277830196781E-4	5.161534433164563E-4
4	sy	5.64032681911598E-4	3.911452761555597E-4	0.0010961755287544547	0.39835206672429563	0.0015535187023950309	8.269556363924976E-4	0.594321725279661	0.0017023606972894408	6.146210164551742E-4	5.773984566896873E-4
5	client	0.0012638844223090877	8.764783269602815E-4	0.0024563101028360714	0.0063416031699151275	0.003481124677152387	0.001853042173433823	0.9772418300995654	0.003814649816324975	0.0013772427613391789	0.0012938344501636195
6	access	6.700387021653903E-4	4.646583107651749E-4	0.001302194096524378	0.9900629438673202	0.0018454917392633865	9.823761975615935E-4	0.0012339382905971433	0.002022307552043521	7.301347623926218E-4	6.859164813667547E-4
7	app	4.284603003922972E-4	2.971285670019134E-4	8.326958904952796E-4	0.002149820941844077	0.001180110853926636	6.281864007932889E-4	7.890493025943279E-4	0.9927890452110667	4.6688908955647515E-4	4.386134423290147E-4
8	app	2.836038116638054E-4	1.9667351696013035E-4	5.511729518114615E-4	0.22018461571441567	7.811317315816342E-4	4.1580528589749025E-4	5.222826702999758E-4	0.7764653496404584	3.090403598681709E-4	2.903243170431376E-4
9	cluster	2.893584037549367E-4	2.0066421038062427E-4	5.623567772005916E-4	0.0014518702328345753	7.969816401506346E-4	0.08158806111447775	5.328802842961023E-4	0.9139663009784941	3.153110838062749E-4	2.9621527460438514E-4
10	item	1.615311640684275E-4	0.4078913454287924	3.1392952015284653E-4	0.03479210124680626	4.4490628370941264E-4	0.2720897132161851	2.974745903850234E-4	0.2836676206488243	1.7601896385231955E-4	1.653589372238128E-4
11	namespace	2.0005406739774604E-4	1.3873345631875748E-4	3.887972809766616E-4	0.5200613052648365	5.510101544812697E-4	0.4772650877666764	3.684180826480792E-4	6.038022132274119E-4	2.1799700299860632E-4	2.0479471043853006E-4
12	namespace	2.727550242433679E-4	1.891501019389684E-4	5.300887563945609E-4	0.0013685619474539373	7.512508493270149E-4	3.9989935315091774E-4	5.023036240726997E-4	0.9954095533554158	2.972185400242271E-4	2.7921844797844944E-4
13	item	1.5125161697637944E-4	1.0488994235350596E-4	2.9395162112261236E-4	0.6689596593651161	0.06405475962817275	0.2653807838412078	2.7854385291287115E-4	4.5650689472355937E-4	1.648174397473677E-4	1.5483579766689651E-4
14	namespace	1.0541204875648369E-4	7.310112736949596E-5	2.0486420732059507E-4	0.5992735716012545	0.04464179345642469	0.35496620090216957	1.9412604500390734E-4	3.1815413286977146E-4	1.1486650088032808E-4	1.0790997795058833E-4
15	access	3.220298713942774E-4	2.2332121349768883E-4	6.258525008763192E-4	0.9952241133264348	8.86968865430543E-4	4.721435934061482E-4	5.930478161116554E-4	9.719489916024285E-4	3.5091286947145587E-4	3.2966095177473586E-4
16	app	4.8698704501050024E-4	3.377156826431324E-4	9.464403370239841E-4	0.27563912940369023	0.0013413114284155565	7.13995296082291E-4	8.968317201994752E-4	0.7186083968797486	5.306651231457668E-4	4.98527084040504E-4
17	cluster	3.454314797805719E-4	2.395497563965134E-4	6.713326144747217E-4	0.4861936267322438	9.514240600675285E-4	5.064538250227077E-4	6.361440440699627E-4	0.5097260070061287	3.7641337820850914E-4	3.5361710360712323E-4
18	favorite	9.98419061325381E-4	6.923834593015638E-4	0.0019403885228026735	0.005009617471696563	0.0027499517924030005	0.0014638305486952899	0.9820219394840214	0.0030134235549338913	0.0010879676976168645	0.0010220784072033522
19	item	1.5287304367404375E-4	1.0601436902905683E-4	2.97102800698989E-4	0.6332507006956318	4.210591691864086E-4	0.36470623944471464	2.81529860260176E-4	4.614006768964019E-4	1.6658429290496927E-4	1.5649564700345245E-4
20	namespace	1.597219609101057E-4	1.1076395484133054E-4	3.1041340434555633E-4	0.62802017562014	4.39923184266736E-4	0.3698452327003984	2.9414277530433045E-4	4.820720455875648E-4	1.7404749248230424E-4	1.6350686172366145E-4
21	namespace	2.836038116638054E-4	1.9667351696013035E-4	5.511729518114615E-4	0.5582707548406348	7.811317315816342E-4	4.1580528589749025E-4	5.222826702999758E-4	0.43837921051423945	3.090403598681709E-4	2.903243170431376E-4
22	namespace	2.953513649167909E-4	2.0482020793859983E-4	5.74003863585969E-4	0.14646037384081395	8.134880901246218E-4	4.330289427668984E-4	5.439168770000385E-4	0.8500508250067905	3.218415562398785E-4	3.0235024982271514E-4
23	permission	1.3169617623917955E-4	9.132863905886002E-5	0.4804788730463149	0.5178239439270338	3.6273159230433327E-4	1.9308614327670897E-4	2.4253069869185125E-4	3.974847586013131E-4	1.4350806309495145E-4	1.3481695538407367E-4
24	permission	1.6527537979703257E-4	1.1461513870672749E-4	0.5798093425249161	0.4180607355796643	4.5521900023583065E-4	2.423182401715655E-4	3.0436991022378916E-4	4.988333474622156E-4	1.8009899990473996E-4	1.691918789176926E-4
25	permission	1.7762733155455817E-4	1.2318096784429285E-4	0.610685800999512	0.38702509615185066	4.89240057316003E-4	2.6042803496522065E-4	3.2711717271469127E-4	5.361139481812401E-4	1.9355880354357508E-4	1.8183653251778055E-4
26	permission	2.4467601445696073E-4	1.6967787561361468E-4	0.7554120735610445	0.2414347598807188	6.739126591000283E-4	3.587313567708271E-4	4.505935284834044E-4	7.384799568161125E-4	2.6662111173782644E-4	2.5047405525798085E-4
27	permission	1.821654109108087E-4	1.2632803424654553E-4	0.6646102707149452	0.333042143711429	5.017393173393662E-4	2.670815329315601E-4	3.354744659058892E-4	5.49810757222657E-4	1.98503905194848E-4	1.8648214987412564E-4
28	config	0.5946521143131902	6.999667297976428E-5	1.9616404617943167E-4	5.064484877697393E-4	0.4037234498634299	1.4798630273197473E-4	1.8588191151021363E-4	3.0464278181486295E-4	1.0998835705788606E-4	1.0332726333592501E-4
29	config	0.7356444167818381	8.360744450309129E-5	2.3430791645182993E-4	6.049268062658366E-4	0.2624152777411955	1.7676206691221097E-4	2.2202643267361547E-4	3.6388021586707245E-4	1.3137546496476876E-4	1.2341912932793429E-4
30	config	0.6960131099927154	1.0271115907722153E-4	2.8784563172297916E-4	7.431483380184958E-4	0.30160323833980984	2.1715095923984738E-4	2.727579150543772E-4	4.47024292622587E-4	1.6139383712824034E-4	1.5161953461099908E-4
31	namespace	0.15709985235504723	2.5832175584411293E-4	7.239407058276313E-4	0.0018690411563289044	0.4712080359309813	5.46141408373134E-4	6.859946296999003E-4	0.0011242799829414892	0.3661030642352857	3.81327839670603E-4
32	permission	3.372619760702362E-4	2.338843705291498E-4	6.554555024978268E-4	0.00169222879781313	9.289227454978146E-4	4.944761199065875E-4	6.21099146796446E-4	0.0010179224558518193	0.99367349487631	3.4525400872708603E-4
33	role	0.03927731916811452	1.9283845757215248E-4	5.404252871745774E-4	0.0013952483891555747	0.07876439100507243	4.0769723968008686E-4	5.120983552540506E-4	8.392805208420604E-4	0.8777860384747523	2.8466310238219126E-4
34	user	2.0582904660295526E-4	1.42738287791215E-4	4.0002072792722035E-4	0.0010327575143407354	5.669162154045993E-4	3.017759354736921E-4	3.7905324140186553E-4	6.212322273771112E-4	0.9961389702654571	2.1070653822340555E-4
35	instance	2.0884339740533906E-4	1.4482867920795372E-4	4.0587900119864816E-4	0.0010478821699391556	0.996430069785994	3.061954211986101E-4	3.846044474207613E-4	6.303301263081262E-4	2.2757465180597356E-4	2.1379231952125332E-4
36	raft	3.081141974076977E-4	0.6483992225041388	5.988079309792074E-4	0.0015459783635964998	0.32494141660333387	4.51741149706607E-4	5.674208143936726E-4	0.02253613382304275	3.3574909268231054E-4	3.154155207184778E-4
37	raft	1.597219609101057E-4	0.7617335472449319	3.1041340434555633E-4	8.014129106536923E-4	0.2356469592003241	2.3417610373679677E-4	2.9414277530433045E-4	4.820720455875648E-4	1.7404749248230424E-4	1.6350686172366145E-4
38	service	4.7090586588682327E-4	3.2656370962639235E-4	9.151871923140921E-4	0.0023627936851880874	0.9919504226637382	6.904179004053392E-4	8.672167403266284E-4	0.0014212857940994717	5.131416161296588E-4	4.820648322853534E-4
39	authority	2.836038116638054E-4	1.9667351696013035E-4	5.511729518114615E-4	0.0014229962798033209	7.811317315816342E-4	4.1580528589749025E-4	5.222826702999758E-4	8.559716450147273E-4	3.090403598681709E-4	0.9946613217470994
40	flow	2.326983448948533E-4	1.6137160362119697E-4	4.5224016167095296E-4	0.0011675755595778063	6.409224897843467E-4	3.411703152339042E-4	4.285355412999176E-4	7.023290127989224E-4	2.535691598259681E-4	0.9956195878112922
41	param	2.0884339740533906E-4	1.4482867920795372E-4	4.0587900119864816E-4	0.0010478821699391556	0.015220142941710974	3.061954211986101E-4	3.846044474207613E-4	6.303301263081262E-4	2.2757465180597356E-4	0.9814237191638044
42	flow	3.6301827805561645E-4	2.5174584589379283E-4	7.055118713094636E-4	0.001821462328532155	9.998634872704585E-4	5.322386818688671E-4	6.685317609741552E-4	0.0010956600012345203	3.955775440071394E-4	0.993166390200854
