0	sys	8.8896030298298E-4	0.39551358348933446	0.29711026217761155	0.0012150383768269586	0.0034030080025189615	0.0016054196466040057	0.0015503634084226485	0.2972292766271514	7.483856110179264E-4	7.357023575290024E-4
1	sys	3.4508240910120563E-4	0.4212014389614376	0.3256450823410316	0.249020886553508	0.0013210018442436661	6.232022705732938E-4	6.018301809041376E-4	6.65372490862147E-4	2.905132082053031E-4	2.855897401330927E-4
2	file	9.350120171181715E-4	0.10517867712551908	0.0016776685404785246	0.519318146475598	0.003579297484969307	0.0016885868323426056	0.0016306784598943088	0.36443096337803715	7.871549915018915E-4	7.738146945409293E-4
3	aggregation	8.092455135027798E-4	0.0013593802144990918	0.0014520088669142922	0.0011060835358806139	0.0030978536940420064	0.0014614585622597636	0.9878026116218822	0.001560351060608382	6.812764260159419E-4	6.6973050439482E-4
4	index	7.42650598191563E-4	0.2892716044917836	0.001332519285681092	0.0010150610486748843	0.002842923266923168	0.0013411913410511195	0.7007822751879722	0.0014319457188386056	6.252124193121169E-4	6.146166415715837E-4
5	index	8.092455135027798E-4	0.987750652512955	0.0014520088669142922	0.0011060835358806139	0.0030978536940420064	0.0014614585622597636	0.0014113393234263768	0.001560351060608382	6.812764260159419E-4	6.6973050439482E-4
6	aggregation	6.610511712590152E-4	0.0011104416002151478	0.0011861074867100527	9.035302694967379E-4	0.0025305544221945206	0.0011938266919103708	0.9900362773236083	0.001274609347817996	5.565166217847029E-4	5.4708506500304E-4
7	sy	1.636305455307828E-4	0.9975231652468167	2.935981714378739E-4	2.2365159813535413E-4	6.263902381571906E-4	2.955089127131468E-4	2.8537473432716247E-4	3.1550511063291553E-4	1.3775502166669425E-4	1.354204205821084E-4
8	sy	3.0434997434498255E-4	0.6581450355543578	5.460875025197578E-4	4.1598809032818444E-4	0.0011650749699250022	0.3377977362463986	5.307920522384303E-4	5.868340291560925E-4	2.5622194911196263E-4	2.518796316192558E-4
9	sy	6.86182830701813E-4	0.7234893699119237	0.0012312005910181157	9.378804318086872E-4	0.0026267603359045504	0.07727465661565684	0.0011967157010703232	0.19141167547335833	5.776741158200161E-4	5.678839927376526E-4
10	sy	6.86182830701813E-4	0.6474539265590801	0.0012312005910181157	9.378804318086872E-4	0.0026267603359045504	0.0012392132628133027	0.0011967157010703232	0.3434825621790454	5.776741158200161E-4	5.678839927376526E-4
11	sy	3.7365857835545795E-4	0.5802955453062613	6.704461871185276E-4	5.107196699436612E-4	0.0014303936048512473	0.3940208635563098	6.516675549871211E-4	0.02142289568404903	3.1457051854428316E-4	3.092393395797215E-4
12	sy	8.472319784650564E-4	0.5647103163511892	0.0015201670253811974	0.0011580037538861667	0.0032432687860548476	0.0015300602950377468	0.0014775884293709537	0.424098939382615	7.1325594601904E-4	7.011680519806483E-4
13	sy	9.86095736865474E-4	0.9304394226007172	0.0017693267737222153	0.0013478039002377692	0.05840914206271837	0.0017808415787342483	0.0017197694233451837	0.0019013457636848066	8.301606473088703E-4	8.160915126658E-4
14	sy	5.95608168403537E-4	0.23199675721268537	0.001068684753017844	8.140822258693896E-4	0.00228003360402214	0.7600633102745963	0.0010387517945985917	0.0011484250722043482	5.014223712152456E-4	4.929245233871852E-4
15	sy	7.745191964306521E-4	0.0013010465350870894	0.0013897003097920494	0.0010586193152771612	0.04587688607033504	0.945462026704753	0.00135077597642736	0.001493393326805226	6.52041514250794E-4	6.409910508415682E-4
16	sy	8.092455135027798E-4	0.0013593802144990918	0.0014520088669142922	0.0011060835358806139	0.0030978536940420064	0.9878527308607157	0.0014113393234263768	0.001560351060608382	6.812764260159419E-4	6.6973050439482E-4
17	sy	8.8896030298298E-4	0.001493286063606987	0.0015950391083158829	0.0012150383768269586	0.0034030080025189615	0.9866561632109229	0.0015503634084226485	0.001714053557855748	7.483856110179264E-4	7.357023575290024E-4
18	sy	8.472319784650564E-4	0.001423190329015475	0.0015201670253811974	0.0011580037538861667	0.0032432687860548476	0.9872825308338419	0.0014775884293709537	0.0016335948659846943	7.1325594601904E-4	7.011680519806483E-4
19	sy	0.0015967611394543187	0.002682258306085462	0.0028650283432481148	0.002182466479720958	0.006112523717246772	0.9760316405979862	0.0027847813162120766	0.003078803522433413	0.0013442591946910367	0.0013214773829217095
20	sy	0.0010430838867141383	0.0017521846880861835	0.0018715791773606775	0.0014256957800642838	0.00399300486408194	0.9843426741386266	0.0018191578234150205	0.002011227769299617	8.78137043107604E-4	8.632548292438194E-4
21	sy	4.168027103127747E-4	0.023792959700529782	7.47858617724643E-4	5.696894303335465E-4	0.00159555264043452	0.1624023926322453	0.8089752464261699	8.036603728403027E-4	3.5089210393833055E-4	3.4494536547090016E-4
22	sy	3.518086998478392E-4	5.909724278751401E-4	6.312414997836086E-4	0.19539924468786718	0.001346750599459456	6.353496288717251E-4	0.799778958377759	6.783418243034178E-4	2.9617584487581815E-4	2.911564093568124E-4
23	sy	2.7221820007440465E-4	4.572753620912471E-4	4.88434268276146E-4	3.720701125250286E-4	0.0010420720814821839	0.0759023876756988	0.9204862046095423	5.248789769182242E-4	2.2917129517400277E-4	2.2528741821767887E-4
24	user	0.0015967611394543187	0.002682258306085462	0.0028650283432481148	0.002182466479720958	0.006112523717246772	0.9760316405979862	0.0027847813162120766	0.003078803522433413	0.0013442591946910367	0.0013214773829217095
25	user	0.0011070629367955762	0.0018596574554626743	0.0019863751774186777	0.0015131428807964853	0.00423792155911333	0.9220458716047837	0.0019307384843501134	0.0021345893165501915	0.06226843677922692	9.162038055023028E-4
26	user	0.0011070629367955762	0.0018596574554626743	0.0019863751774186777	0.0015131428807964853	0.00423792155911333	0.9220458716047837	0.0019307384843501134	0.063471027254424	9.319988413531216E-4	9.162038055023028E-4
27	user	0.0011070629367955762	0.0018596574554626743	0.0019863751774186777	0.0015131428807964853	0.12691079743486092	0.6767001198532885	0.0019307384843501134	0.1861439031301716	9.319988413531216E-4	9.162038055023028E-4
28	order	5.261566224559282E-4	8.838441367420698E-4	9.440695912972262E-4	7.191552720187619E-4	0.0020141677764323666	0.992102067919136	9.17626998435879E-4	0.0010145117028102146	4.429534638008997E-4	4.3544651687077066E-4
29	order	4.4782749552627565E-4	7.522659400261333E-4	8.035256093513566E-4	6.120943662353232E-4	0.0017143178901354362	0.9932778359282056	7.810195348653133E-4	8.63480978213195E-4	3.770108212317735E-4	3.7062143620973106E-4
30	order	4.4782749552627565E-4	7.522659400261333E-4	8.035256093513566E-4	6.120943662353232E-4	0.0017143178901354362	0.9932778359282056	7.810195348653133E-4	8.63480978213195E-4	3.770108212317735E-4	3.7062143620973106E-4
31	order	8.092455135027798E-4	0.0013593802144990918	0.0014520088669142922	0.0011060835358806139	0.0030978536940420064	0.2704772600982023	0.0014113393234263768	0.7189358218231218	6.812764260159419E-4	6.6973050439482E-4
32	storage	0.0010430838867141383	0.11733558641703762	0.0018715791773606775	0.0014256957800642838	0.00399300486408194	0.0018837594425394786	0.0018191578234150205	0.8688867407364353	8.78137043107604E-4	8.632548292438194E-4
33	user	8.092455135027798E-4	0.0013593802144990918	0.0014520088669142922	0.0011060835358806139	0.0030978536940420064	0.9430167639380586	0.0014113393234263768	0.001560351060608382	0.04551724334867303	6.6973050439482E-4
34	user	0.00247127675854684	0.551832205789962	0.0044341497186402325	0.0033777617418001057	0.14638046780841982	0.27830347011691264	0.004309952925546675	0.004765005485868733	0.002080484314916464	0.0020452253393865565
35	user	0.0028633237026032474	0.004809845126205652	0.005137589687744985	0.003913614783772652	0.1696024784049115	0.7983783070221093	0.004993690134519224	0.005520932895733316	0.0024105353765789808	0.002369682865821077
36	user	0.002173658881424289	0.1240821541914087	0.0039001414488091914	0.36426342378033977	0.008320932378433656	0.4856487884835909	0.003790901776879055	0.004191151985941246	0.0018299298907505934	0.0017989171824226232
37	home	3.2636303682108023E-4	0.16328650596557842	5.855849867441449E-4	4.4607572822404697E-4	0.0012493426560238542	5.893959825649719E-4	5.691832452486731E-4	0.8324026967842747	2.7475400184397933E-4	2.7009761267617635E-4
38	api	2.896951059613073E-4	0.8351103890264248	5.197926408473671E-4	3.9595769365719343E-4	0.0011089750133598283	0.16102774387265406	5.052336874598682E-4	5.58577166382067E-4	2.438845111038741E-4	2.3975128214969178E-4
39	service	0.002173658881424289	0.0036513379773816393	0.0039001414488091914	0.002970975138258606	0.008320932378433656	0.003925523627482669	0.003790901776879055	0.9676376816981577	0.0018299298907505934	0.0017989171824226232
40	service	0.002173658881424289	0.0036513379773816393	0.0039001414488091914	0.002970975138258606	0.008320932378433656	0.003925523627482669	0.003790901776879055	0.9676376816981577	0.0018299298907505934	0.0017989171824226232
41	demo	0.0011794033363386322	0.001981175716864134	0.19814947176859712	0.001612018343901941	0.004514846139124808	0.0021299458266862605	0.0020569014952583472	0.7864072649729418	9.928997768973125E-4	9.760726233897031E-4
42	demo	0.0017517334927754883	0.0029425827037917913	0.003143091338216007	0.00239428398833249	0.006705769733690358	0.003163546623487267	0.0030550560012571376	0.9739194786460458	0.0014747251771898861	0.0014497322952137658
43	menu	0.0011070629367955762	0.9832426644614435	0.0019863751774186777	0.0015131428807964853	0.00423792155911333	0.001999302536676685	0.0019307384843501134	0.0021345893165501915	9.319988413531216E-4	9.162038055023028E-4
44	swagger	7.42650598191563E-4	0.0012475132856749015	0.9888436891351966	0.0010150610486748843	0.002842923266923168	0.0013411913410511195	0.0012951965445654264	0.0014319457188386056	6.252124193121169E-4	6.146166415715837E-4
45	swagger	9.350120171181715E-4	0.0015706442793704315	0.9859539805788905	0.001277982244854768	0.003579297484969307	0.0016885868323426056	0.0016306784598943088	0.001802848416516936	7.871549915018915E-4	7.738146945409293E-4
46	swagger	0.0013567102609584377	0.0022790179924160486	0.9796191082837901	0.0018543629313568807	0.005193590602019882	0.002450153623714314	0.0023661280907183273	0.0026159481384848	0.0011421684795312062	0.0011228115970101096
47	menu	0.0011070629367955762	0.6765604747720744	0.0019863751774186777	0.0015131428807964853	0.00423792155911333	0.30868149222604563	0.0019307384843501134	0.0021345893165501915	9.319988413531216E-4	9.162038055023028E-4
48	aggregation	8.8896030298298E-4	0.001493286063606987	0.0015950391083158829	0.0012150383768269586	0.0034030080025189615	0.0016054196466040057	0.9866011069727414	0.001714053557855748	7.483856110179264E-4	7.357023575290024E-4
49	audit	2.896951059613073E-4	4.866332759466899E-4	5.197926408473671E-4	3.9595769365719343E-4	0.0011089750133598283	5.231754591005808E-4	0.9956335578514914	5.58577166382067E-4	2.438845111038741E-4	2.3975128214969178E-4
50	slow	2.7638670721430474E-4	4.6427766984016605E-4	4.95913715771297E-4	3.777676629466393E-4	0.0010580294455039933	4.991411296242429E-4	0.995834149273377	5.329165062320946E-4	2.3268062034010803E-4	2.287372691501785E-4
51	sy	2.993030059192986E-4	5.027727402845853E-4	5.370318540387305E-4	4.090898516742618E-4	0.0011457547889411816	5.405268653483131E-4	0.995488742359369	5.771026900204744E-4	2.5197307710230214E-4	2.477027673018159E-4
52	client	8.8896030298298E-4	0.19850343477647076	0.0015950391083158829	0.0012150383768269586	0.0034030080025189615	0.0016054196466040057	0.24781304929950235	0.5434919625182311	7.483856110179264E-4	7.357023575290024E-4
53	client	0.002173658881424289	0.0036513379773816393	0.0039001414488091914	0.002970975138258606	0.008320932378433656	0.003925523627482669	0.9672374314890957	0.004191151985941246	0.0018299298907505934	0.0017989171824226232
54	client	7.745191964306521E-4	0.5162446550103419	0.0013897003097920494	0.0010586193152771612	0.002964918697397141	0.0013987445001191717	0.00135077597642736	0.47352503442912214	6.52041514250794E-4	6.409910508415682E-4
55	token	8.092455135027798E-4	0.5842269502090411	0.0014520088669142922	0.09077801738119477	0.0030978536940420064	0.0014614585622597636	0.0014113393234263768	0.31541211951920795	6.812764260159419E-4	6.6973050439482E-4
56	validate	3.3237301594219826E-4	0.0373883474105138	0.16633147327881026	4.5429021795051E-4	0.0012723493155737892	0.7924457501299964	5.796647613338113E-4	6.408668065371167E-4	2.7981359998539265E-4	2.750714633568757E-4
57	validate	6.86182830701813E-4	0.0011526580599100478	0.07726664394386165	9.378804318086872E-4	0.0026267603359045504	0.9136645334969357	0.0011967157010703232	0.001323067091249506	5.776741158200161E-4	5.678839927376526E-4
58	access	5.112528229418272E-4	0.5390487289773244	9.173280787598036E-4	6.987846341968E-4	0.455169679456532	9.232980635675054E-4	8.916344931062322E-4	9.85774862147035E-4	4.3040645909391586E-4	4.2311215233067754E-4
59	app	5.419554503854076E-4	9.10383195335857E-4	9.724170308043818E-4	0.09082131036331183	0.7227191358667768	9.78745535332992E-4	9.451804500755517E-4	0.1812060965395896	4.5625396265748E-4	4.4852160573009343E-4
60	app	6.610511712590152E-4	0.0011104416002151478	0.0011861074867100527	9.035302694967379E-4	0.9914139461292283	0.0011938266919103708	0.0011528856165746388	0.001274609347817996	5.565166217847029E-4	5.4708506500304E-4
61	app	0.0011070629367955762	0.0018596574554626743	0.0019863751774186777	0.0015131428807964853	0.9856209285650941	0.001999302536676685	0.0019307384843501134	0.0021345893165501915	9.319988413531216E-4	9.162038055023028E-4
62	app	5.261566224559282E-4	8.838441367420698E-4	9.440695912972262E-4	7.191552720187619E-4	0.9931660220853011	9.502136102670561E-4	9.17626998435879E-4	0.0010145117028102146	4.429534638008997E-4	4.3544651687077066E-4
63	app	0.041888949341921375	0.0012475132856749015	0.001332519285681092	0.0010150610486748843	0.8669151968852492	0.08363378882851075	0.0012951965445654264	0.0014319457188386056	6.252124193121169E-4	6.146166415715837E-4
64	app	5.261566224559282E-4	8.838441367420698E-4	9.440695912972262E-4	7.191552720187619E-4	0.9931660220853011	9.502136102670561E-4	9.17626998435879E-4	0.0010145117028102146	4.429534638008997E-4	4.3544651687077066E-4
65	cluster	6.610511712590152E-4	0.0011104416002151478	0.0011861074867100527	9.035302694967379E-4	0.9914139461292283	0.0011938266919103708	0.0011528856165746388	0.001274609347817996	5.565166217847029E-4	5.4708506500304E-4
66	cluster	5.261566224559282E-4	8.838441367420698E-4	9.440695912972262E-4	7.191552720187619E-4	0.9931660220853011	9.502136102670561E-4	9.17626998435879E-4	0.0010145117028102146	4.429534638008997E-4	4.3544651687077066E-4
67	cluster	7.42650598191563E-4	0.0012475132856749015	0.001332519285681092	0.0010150610486748843	0.9903540931164386	0.0013411913410511195	0.0012951965445654264	0.0014319457188386056	6.252124193121169E-4	6.146166415715837E-4
68	commit	4.369851395306719E-4	7.340528217906268E-4	7.840714427465715E-4	5.972749433818252E-4	0.9943242246412011	7.891741913811477E-4	7.621102630561335E-4	8.425752315702439E-4	3.6788300844934024E-4	3.616483168922905E-4
69	index	0.0034032146274190745	0.7599324633027482	0.006106302392256562	0.0046515422151220676	0.013027765775968994	0.006146042299228876	0.005935270013356566	0.0065619264670202845	0.002865051284989642	0.19137042162188966
70	instance	9.337142609615578E-5	1.5684642931819274E-4	1.6753400092540024E-4	1.276208460886285E-4	3.5743295751858724E-4	1.6862431470021717E-4	1.6284151488651013E-4	0.17089601310248986	7.860624544887532E-5	0.8277911091625275
71	instance	6.677317927654555E-5	1.1216637874807939E-4	1.1980943578165262E-4	9.126613988442943E-5	2.556128352067351E-4	1.205891573752648E-4	0.003815998506634202	0.02602556288695314	5.621408110666089E-5	0.9693360073990333
72	instance	2.2476007271842255E-4	3.775546367137829E-4	4.032813442521848E-4	3.072039471446791E-4	0.39934852202356264	4.059059052507646E-4	3.9198577399662295E-4	0.5981655572578854	1.8921790296976928E-4	1.8601113550567553E-4
73	instance	4.7121059272115694E-4	7.915451441119792E-4	8.454813124060759E-4	6.440545790429356E-4	0.4456272401744598	8.509837173876003E-4	8.218000940701356E-4	0.5491610148697795	3.9669625985367995E-4	3.8997325616713286E-4
74	item	4.4782749552627565E-4	7.522659400261333E-4	8.035256093513566E-4	6.120943662353232E-4	0.9693716718282934	0.02562048199004746	7.810195348653133E-4	8.63480978213195E-4	3.770108212317735E-4	3.7062143620973106E-4
75	item	0.013169503688662453	0.3367287557339258	4.1893191220312596E-4	3.1912593738328185E-4	0.583014739226835	4.2165832733117426E-4	4.0719798274164277E-4	4.501906761203202E-4	1.9656108333298276E-4	0.06487333543146416
76	item	0.03870390450712358	0.0011526580599100478	0.0012312005910181157	9.378804318086872E-4	0.9530698022464488	0.0012392132628133027	0.0011967157010703232	0.001323067091249506	5.776741158200161E-4	5.678839927376526E-4
77	item	3.2636303682108023E-4	5.482285012345528E-4	5.855849867441449E-4	4.4607572822404697E-4	0.9957610382714586	5.893959825649719E-4	5.691832452486731E-4	6.292786331837917E-4	2.7475400184397933E-4	2.7009761267617635E-4
78	namespace	1.998706701421607E-4	3.357451229774341E-4	3.5862291534535904E-4	2.731849035439966E-4	0.6873385587459542	3.609568386230593E-4	3.48578190010867E-4	3.853817005310555E-4	0.3102336882136421	1.6541269922972537E-4
79	namespace	3.6607983836056245E-4	6.149452556620999E-4	6.568478446019356E-4	5.003609847347811E-4	0.9749626507117968	6.611226201637464E-4	0.020920976530220216	7.058587962765227E-4	3.0819023368477527E-4	3.029671844985168E-4
80	namespace	5.261566224559282E-4	8.838441367420698E-4	9.440695912972262E-4	0.05902220552548163	0.9348629718318383	9.502136102670561E-4	9.17626998435879E-4	0.0010145117028102146	4.429534638008997E-4	4.3544651687077066E-4
81	namespace	6.610511712590152E-4	0.0011104416002151478	0.0011861074867100527	9.035302694967379E-4	0.9914139461292283	0.0011938266919103708	0.0011528856165746388	0.001274609347817996	5.565166217847029E-4	5.4708506500304E-4
82	namespace	3.89798109762723E-4	6.54787489357852E-4	6.994049423048918E-4	5.327793164520908E-4	0.9949371127158378	7.039566800927908E-4	6.798151998695168E-4	7.515913080058343E-4	3.2815784413490665E-4	3.2259639418147866E-4
83	namespace	3.7365857835545795E-4	6.276761130199621E-4	6.704461871185276E-4	5.107196699436612E-4	0.9951467407932647	6.748094608960954E-4	6.516675549871211E-4	7.204717842904127E-4	3.1457051854428316E-4	3.092393395797215E-4
84	namespace	8.472319784650564E-4	0.001423190329015475	0.0015201670253811974	0.0011580037538861667	0.988995739324859	0.0015300602950377468	0.0014775884293709537	0.0016335948659846943	7.1325594601904E-4	7.011680519806483E-4
85	namespace	2.993030059192986E-4	5.027727402845853E-4	5.370318540387305E-4	4.090898516742618E-4	0.9629469486929934	5.405268653483131E-4	5.21990044832263E-4	5.771026900204744E-4	2.5197307710230214E-4	0.033413261177786376
86	release	6.610511712590152E-4	0.0011104416002151478	0.0011861074867100527	9.035302694967379E-4	0.36878366246183664	0.0011938266919103708	0.0011528856165746388	0.001274609347817996	5.565166217847029E-4	0.6231773687323946
87	release	4.4782749552627565E-4	7.522659400261333E-4	8.035256093513566E-4	6.120943662353232E-4	0.0513377719382461	8.087549659921263E-4	7.810195348653133E-4	8.63480978213195E-4	3.770108212317735E-4	0.9432162483503125
88	release	3.89798109762723E-4	6.54787489357852E-4	6.994049423048918E-4	5.327793164520908E-4	0.9517438546397134	7.039566800927908E-4	6.798151998695168E-4	0.04394484938413027	3.2815784413490665E-4	3.2259639418147866E-4
89	release	3.6607983836056245E-4	6.149452556620999E-4	6.568478446019356E-4	5.003609847347811E-4	0.853267492073915	6.611226201637464E-4	6.384500905732347E-4	0.14268354387380539	3.0819023368477527E-4	3.029671844985168E-4
90	release	4.2665538179346833E-4	7.167007721910646E-4	7.655370183015424E-4	5.83156144114961E-4	0.9944583925547603	7.705191446256079E-4	7.440949722046839E-4	8.226578539980076E-4	3.591867348026055E-4	3.530994232077661E-4
91	release	3.588024188143511E-4	6.027205599688136E-4	6.437901537861829E-4	4.904141468352188E-4	0.6971498467963434	6.479799497015633E-4	6.25758134662126E-4	0.2988816798177516	3.0206362031919573E-4	2.969444018175472E-4
92	release	4.369851395306719E-4	7.340528217906268E-4	7.840714427465715E-4	5.972749433818252E-4	0.0016728125224655982	7.891741913811477E-4	7.621102630561335E-4	0.9934939873503059	3.6788300844934024E-4	3.616483168922905E-4
93	release	3.815577486094074E-4	6.409452329285791E-4	6.846194695879655E-4	5.215163219104952E-4	0.001460632232489904	6.890749832990719E-4	6.654438557707775E-4	0.9943192129102886	3.2122056280070235E-4	3.1577668231465896E-4
94	config	5.670381975629118E-5	9.525174916272198E-5	0.10377637245828378	7.750325507829968E-5	0.2766827471464143	1.024043773032069E-4	0.00638220344554997	1.0933377302804352E-4	4.773702791110439E-5	0.6126697429475123
95	config	2.3968368220317733E-4	4.026234929804997E-4	0.3324198398659981	0.39871533941901205	0.2665093526314868	4.3285722780664923E-4	4.1801282828590313E-4	4.6214737245492985E-4	2.017815850209969E-4	1.9836189475098064E-4
96	config	2.3654249456013223E-4	3.973468887105523E-4	0.3804855128104102	0.36727884397591143	0.24991104484633397	4.27184393666708E-4	4.125345382380519E-4	4.560906747178239E-4	1.9913712539138925E-4	1.9576225205976646E-4
97	notification	8.541753280878383E-5	1.434853850087967E-4	0.09953636672583588	1.1674939822204329E-4	0.005059513617140602	1.5425996512499984E-4	1.4896977610823073E-4	1.6469827226577423E-4	7.191013172156166E-5	0.8945186291957633
98	notification	4.874116629056142E-5	8.187598940178947E-5	8.74550485072242E-5	0.002767107242196972	0.00558755972785542	8.802420726627018E-5	8.500550637318693E-5	9.398054020413889E-5	0.035147369849399854	0.9560128807225046
99	app	2.4962857867705745E-4	4.1932904806392363E-4	0.27705959822932413	3.411944290736228E-4	0.7201460067548988	4.508172335898498E-4	4.3535691389008375E-4	4.813226777259995E-4	2.101538569876308E-4	2.0659227776883237E-4
100	app	3.89798109762723E-4	0.34620085209835333	6.994049423048918E-4	5.327793164520908E-4	0.606197790030718	7.039566800927908E-4	0.04387307327599394	7.515913080058343E-4	3.2815784413490665E-4	3.2259639418147866E-4
101	cluster	4.2665538179346833E-4	7.167007721910646E-4	7.655370183015424E-4	5.83156144114961E-4	0.9944583925547603	7.705191446256079E-4	7.440949722046839E-4	8.226578539980076E-4	3.591867348026055E-4	3.530994232077661E-4
102	item	3.3860849532415724E-4	5.687985677085702E-4	6.075567048806308E-4	4.628129233194341E-4	0.9956019883053576	6.115106929705391E-4	5.905395540948871E-4	6.52889779423216E-4	2.850630391691201E-4	2.802319377517808E-4
103	namespace	3.588024188143511E-4	6.027205599688136E-4	6.437901537861829E-4	4.904141468352188E-4	0.9953396998131993	6.479799497015633E-4	6.25758134662126E-4	6.918268008956992E-4	3.0206362031919573E-4	2.969444018175472E-4
104	namespace	2.4962857867705745E-4	4.1932904806392363E-4	4.479022788836929E-4	3.411944290736228E-4	0.830790685135075	4.508172335898498E-4	4.3535691389008375E-4	4.813226777259995E-4	0.16617717142725189	2.0659227776883237E-4
105	namespace	4.2665538179346833E-4	7.167007721910646E-4	7.655370183015424E-4	5.83156144114961E-4	0.9944583925547603	7.705191446256079E-4	7.440949722046839E-4	8.226578539980076E-4	3.591867348026055E-4	3.530994232077661E-4
106	namespace	3.588024188143511E-4	6.027205599688136E-4	6.437901537861829E-4	4.904141468352188E-4	0.9953396998131993	6.479799497015633E-4	6.25758134662126E-4	6.918268008956992E-4	3.0206362031919573E-4	2.969444018175472E-4
107	namespace	2.567300316218916E-4	4.312581529725426E-4	4.6064423725333716E-4	3.5090075435074774E-4	0.996665465583319	4.6364211681445975E-4	4.477419807545565E-4	4.95015382164199E-4	2.1613233002337954E-4	2.1246943072590407E-4
108	release	3.4508240910120563E-4	5.796735248779959E-4	6.191726855083448E-4	4.71661522813683E-4	0.9955179019670207	6.232022705732938E-4	6.018301809041376E-4	6.65372490862147E-4	2.905132082053031E-4	2.855897401330927E-4
109	access	4.971700897298879E-4	0.13856283390214053	0.1661652778091957	6.795362366635196E-4	0.6905416135479262	8.978653232072615E-4	8.670739427767008E-4	9.586211648612746E-4	4.1855068233509544E-4	4.1145730116385996E-4
110	app	6.376953797764507E-4	0.0010712082645888076	0.0011442007776080215	8.716073783650881E-4	0.5677418071426192	0.001151647253320959	0.0011121526790432194	0.001229575753682361	5.368541709184115E-4	0.4245032512000775
111	app	5.587324272395129E-4	9.385653600980244E-4	0.0010025195383199742	7.636801544406897E-4	0.4664845147853993	0.0010090439504161198	0.3105382027035982	0.2177719569391484	4.703779320089367E-4	4.6240620933090364E-4
112	app	3.3237301594219826E-4	5.583241354648096E-4	5.96368541089798E-4	4.5429021795051E-4	0.03810237259062278	0.8476907850425699	5.796647613338113E-4	0.11113093663168408	2.7981359998539265E-4	2.750714633568757E-4
113	app	0.028704806700043974	4.312581529725426E-4	0.8112308292872826	3.5090075435074774E-4	0.15744720386486757	4.6364211681445975E-4	4.477419807545565E-4	4.95015382164199E-4	2.1613233002337954E-4	2.1246943072590407E-4
114	app	0.0014669803282297627	0.0024642509596663614	0.002632165898527576	0.002005080981533431	0.9809461465720514	0.0026492960734229147	0.0025584411521318686	0.002828565957860055	0.0012350011194082857	0.0012140709571684548
115	app	2.2476007271842255E-4	0.012830308489272	0.672851989382396	3.072039471446791E-4	0.2997264912030969	0.012858659757808984	3.9198577399662295E-4	4.333723350909909E-4	1.8921790296976928E-4	1.8601113550567553E-4
116	cluster	5.419554503854076E-4	9.10383195335857E-4	9.724170308043818E-4	7.407492421643224E-4	0.9929608192302193	9.78745535332992E-4	9.451804500755517E-4	0.0010449742972945862	4.5625396265748E-4	4.4852160573009343E-4
117	commit	2.6424736080139793E-4	4.438858517141341E-4	4.7413239188877126E-4	3.611755027435522E-4	0.6305544931236196	4.772180525612781E-4	4.6085234355688475E-4	0.3665228436956213	2.2246091519456177E-4	2.1869076229844592E-4
118	configs	1.353979641647335E-4	2.2744310657010956E-4	2.4294116093194913E-4	0.2177337027599314	0.5481407515989177	2.445222256278974E-4	2.3613658395266147E-4	2.61068308027057E-4	1.1398696634932577E-4	0.23266404932552703
119	consumer	9.86095736865474E-4	0.001656455317860991	0.0017693267737222153	0.0013478039002377692	0.003774849869609181	0.0017808415787342483	0.0017197694233451837	0.0019013457636848066	0.9842474201232743	8.160915126658E-4
120	env	8.8896030298298E-4	0.14925089759825483	0.7896356339597709	0.0012150383768269586	0.0034030080025189615	0.0016054196466040057	0.0015503634084226485	0.001714053557855748	7.483856110179264E-4	0.04998823953574495
121	favorite	6.376953797764507E-4	0.0010712082645888076	0.0011442007776080215	8.716073783650881E-4	0.10843502050601994	0.14247681237227455	0.0011121526790432194	0.7431866926281888	5.368541709184115E-4	5.277558432166229E-4
122	instance	6.159336486277902E-4	0.001034652650423347	0.0011051542508617826	8.418632622295452E-4	0.3777393323643485	0.0011123466111967373	0.0010741998125725772	0.6154482378305797	5.1853370552997E-4	5.097458636300672E-4
123	instance	3.6607983836056245E-4	6.149452556620999E-4	6.568478446019356E-4	5.003609847347811E-4	0.34620433108274046	0.02094364905981073	6.384500905732347E-4	0.629464178425333	3.0819023368477527E-4	3.029671844985168E-4
124	instance	4.168027103127747E-4	7.001501377453558E-4	0.13930471599443123	5.696894303335465E-4	0.3710805056449854	7.527256927542891E-4	7.269117287149358E-4	0.48575266119131333	3.5089210393833055E-4	3.4494536547090016E-4
125	instance	2.8511881866762436E-4	4.7894597425752854E-4	5.115815236806953E-4	3.8970278591097336E-4	0.2854358228028817	5.149109038610162E-4	4.972525567583645E-4	5.497533735859364E-4	2.4003188961899547E-4	0.7110968793707773
126	item	2.166658145479342E-4	3.63957805808434E-4	3.8875802044187346E-4	2.9614064738192603E-4	0.5890398333546984	0.06041275949732007	3.778692362347658E-4	4.177653479524503E-4	1.8240362079504125E-4	0.34830384665481906
127	item	3.6607983836056245E-4	6.149452556620999E-4	6.568478446019356E-4	5.003609847347811E-4	0.9343975978325029	6.611226201637464E-4	6.384500905732347E-4	7.058587962765227E-4	3.0819023368477527E-4	0.061150546503439464
128	namespace	3.2056654271288087E-4	5.384914816617903E-4	5.751844831865889E-4	4.3815303159869674E-4	0.9958363259539231	5.789277923752624E-4	5.590740510221882E-4	6.181020920987628E-4	2.6987412951405635E-4	2.6530044190657573E-4
129	namespace	3.4508240910120563E-4	5.796735248779959E-4	6.191726855083448E-4	4.71661522813683E-4	0.8999220461859845	6.232022705732938E-4	6.018301809041376E-4	6.65372490862147E-4	0.09588636898924158	2.855897401330927E-4
130	namespace	0.0012618587826070534	0.0021196853537601315	0.0022641214694022788	0.0017247191374675714	0.9836103648918196	0.002278856405667827	0.002200705336994312	0.0024330597537160817	0.0010623162281497252	0.0010443126404154632
131	namespace	3.3237301594219826E-4	5.583241354648096E-4	5.96368541089798E-4	4.5429021795051E-4	0.9956829777418964	6.00249716443016E-4	5.796647613338113E-4	6.408668065371167E-4	2.7981359998539265E-4	2.750714633568757E-4
132	namespace	3.3860849532415724E-4	5.687985677085702E-4	6.075567048806308E-4	4.628129233194341E-4	0.9393205296771692	0.05689296932115897	5.905395540948871E-4	6.52889779423216E-4	2.850630391691201E-4	2.802319377517808E-4
133	namespace	4.369851395306719E-4	7.340528217906268E-4	7.840714427465715E-4	5.972749433818252E-4	0.9943242246412011	7.891741913811477E-4	7.621102630561335E-4	8.425752315702439E-4	3.6788300844934024E-4	3.616483168922905E-4
134	namespace	3.588024188143511E-4	6.027205599688136E-4	6.437901537861829E-4	0.020369737681292282	0.9754603762787423	6.479799497015633E-4	6.25758134662126E-4	6.918268008956992E-4	3.0206362031919573E-4	2.969444018175472E-4
135	namespace	7.745191964306521E-4	0.0013010465350870894	0.0013897003097920494	0.0010586193152771612	0.9899401682749689	0.0013987445001191717	0.00135077597642736	0.001493393326805226	6.52041514250794E-4	6.409910508415682E-4
136	namespace	4.7121059272115694E-4	7.915451441119792E-4	8.454813124060759E-4	6.440545790429356E-4	0.6805925748806494	0.026958243129186443	8.218000940701356E-4	0.28808842075179114	3.9669625985367995E-4	3.8997325616713286E-4
137	namespace	2.94420692580777E-4	4.945713724146003E-4	0.47358428517001794	4.024166649705453E-4	0.5231199074338517	5.317096417577459E-4	5.134751989802063E-4	5.676888314709102E-4	2.4786282264125406E-4	2.4366217131424194E-4
138	namespace	4.2665538179346833E-4	7.167007721910646E-4	0.04804292383423689	5.83156144114961E-4	0.9471810057388249	7.705191446256079E-4	7.440949722046839E-4	8.226578539980076E-4	3.591867348026055E-4	3.530994232077661E-4
139	namespace	3.9840225548230156E-4	6.692408354174863E-4	7.148431445174368E-4	5.44539534781322E-4	0.9948253578897787	7.194953543554138E-4	6.94820991061327E-4	7.681814375464503E-4	3.3540138339085176E-4	3.2971717366867947E-4
140	page	5.261566224559282E-4	8.838441367420698E-4	0.6131260972526574	7.191552720187619E-4	0.060317218029895245	9.502136102670561E-4	9.17626998435879E-4	0.17592366246319882	4.429534638008997E-4	0.14619307215052796
141	permission	3.7365857835545795E-4	6.276761130199621E-4	6.704461871185276E-4	5.107196699436612E-4	0.0014303936048512473	0.9943911566493098	6.516675549871211E-4	7.204717842904127E-4	3.1457051854428316E-4	3.092393395797215E-4
142	permission	2.993030059192986E-4	5.027727402845853E-4	5.370318540387305E-4	4.090898516742618E-4	0.20013910525184855	0.7965139287169778	5.21990044832263E-4	5.771026900204744E-4	2.5197307710230214E-4	2.477027673018159E-4
143	permission	2.6817356482058155E-4	4.504811358061807E-4	4.811770809899726E-4	3.665418712332952E-4	0.20903947540194248	0.7879616645994538	4.6769971685906546E-4	5.170802918433328E-4	2.2576625355896115E-4	2.2194008349238513E-4
144	permission	5.419554503854076E-4	9.10383195335857E-4	0.12107983185900106	7.407492421643224E-4	0.0020746468975967537	0.871757503039759	9.451804500755517E-4	0.0010449742972945862	4.5625396265748E-4	4.4852160573009343E-4
145	permission	1.343898151483976E-4	2.2574960589175324E-4	0.007686953348716505	1.8368512329746894E-4	0.3951429719494948	0.5959083882931122	2.3437835319711512E-4	2.59124440114732E-4	1.1313823979195764E-4	1.1122083123486329E-4
146	permission	1.7816779825885685E-4	2.99288381304228E-4	3.196819982982436E-4	2.4352123674460546E-4	0.28695046641649813	0.711057166127018	3.1072797520076515E-4	3.435351921521806E-4	1.4999344303254689E-4	1.4745143149243897E-4
147	permission	3.3860849532415724E-4	5.687985677085702E-4	6.075567048806308E-4	4.628129233194341E-4	0.0012962192073621458	0.9949172797909661	5.905395540948871E-4	6.52889779423216E-4	2.850630391691201E-4	2.802319377517808E-4
148	permission	4.8384239155182564E-4	0.295691082469691	0.3493607041985924	6.613198273291846E-4	0.001852185665528306	0.3493663541072036	8.438301876793884E-4	9.329232924101887E-4	4.0733054403310125E-4	4.004273159810197E-4
149	permission	0.33059024751852484	0.001000509667600437	0.23206493229810277	8.140822258693896E-4	0.00228003360402214	0.430068670924475	0.0010387517945985917	0.0011484250722043482	5.014223712152456E-4	4.929245233871852E-4
150	permission	0.24075678510677878	9.10383195335857E-4	0.15110668556605023	7.407492421643224E-4	0.0020746468975967537	0.6015158196763164	9.451804500755517E-4	0.0010449742972945862	4.5625396265748E-4	4.4852160573009343E-4
151	prefix	0.001940020615256866	0.0032588696459810267	0.0034809301853977017	0.0026516364020561568	0.329885054634119	0.6484205989322464	0.003383432267320742	0.0037406611147159335	0.001633237737010829	0.0016055584658954884
152	release	2.567300316218916E-4	4.312581529725426E-4	4.6064423725333716E-4	3.5090075435074774E-4	0.641064507228043	4.6364211681445975E-4	4.477419807545565E-4	0.35609597373744023	2.1613233002337954E-4	2.1246943072590407E-4
153	release	2.462231682691958E-4	4.1360859925888924E-4	4.417920366578269E-4	3.365398856474277E-4	0.628470385017057	4.446672258165156E-4	4.2941781439453355E-4	0.36880630533107833	2.0728695714935632E-4	2.037739646709239E-4
154	release	5.765812947614538E-4	9.685480995209703E-4	0.001034545312295609	7.880761358464801E-4	0.2897147766941719	0.0010412781486060752	0.0010055685708119026	0.703908043545913	4.854042898581707E-4	4.7717790821447706E-4
155	release	2.604344613841696E-4	4.374808980367017E-4	4.67291002384486E-4	3.559639999313706E-4	0.7080317310491683	4.7033213919214024E-4	4.542025756014083E-4	0.2890877776983178	2.192509641421502E-4	2.1553521184151E-4
156	server	7.133009060183585E-4	0.0011982113245565763	0.436001939414706	9.749456439500188E-4	0.12129113809508524	0.001288187205457514	0.001244010132032587	0.0013753549530612778	6.005039061911972E-4	0.43531240841894125
157	sign	8.472319784650564E-4	0.001423190329015475	0.18928254236610578	0.7991480989519657	0.0032432687860548476	0.0015300602950377468	0.0014775884293709537	0.0016335948659846943	7.1325594601904E-4	7.011680519806483E-4
158	sso	0.0011794033363386322	0.001981175716864134	0.9822826638970996	0.001612018343901941	0.004514846139124808	0.0021299458266862605	0.0020569014952583472	0.00227407284443935	9.928997768973125E-4	9.760726233897031E-4
159	system	3.1497235707888E-4	5.290943022641813E-4	0.9778174604990666	4.305068518878629E-4	0.0012057382631316552	0.01801975913162474	5.493176865616205E-4	6.073156331791812E-4	2.6516457384570877E-4	2.6067070135958067E-4
160	system	0.3016643039756034	0.013502901735712431	0.5639632806684365	3.2330825985875936E-4	9.05502753298242E-4	4.27184393666708E-4	4.125345382380519E-4	0.013561645521719705	1.9913712539138925E-4	0.10504020102807482
161	user	0.0015967611394543187	0.002682258306085462	0.0028650283432481148	0.002182466479720958	0.006112523717246772	0.9760316405979862	0.0027847813162120766	0.003078803522433413	0.0013442591946910367	0.0013214773829217095
162	user	9.350120171181715E-4	0.0015706442793704315	0.9341499641558162	0.001277982244854768	0.003579297484969307	0.05349260325541693	0.0016306784598943088	0.001802848416516936	7.871549915018915E-4	7.738146945409293E-4
163	user	0.06886711387919259	0.001034652650423347	0.0011051542508617826	8.418632622295452E-4	0.0023578410962420697	0.20586588730289113	0.7177115922335029	0.0011876157554965073	5.1853370552997E-4	5.097458636300672E-4
164	user	0.0010430838867141383	0.0017521846880861835	0.0018715791773606775	0.0014256957800642838	0.00399300486408194	0.9843426741386266	0.0018191578234150205	0.002011227769299617	8.78137043107604E-4	8.632548292438194E-4
165	capacity	1.286427114681272E-4	0.6345551226328148	2.3082038095843693E-4	0.363673474665083	4.924541344791142E-4	2.3232256343767906E-4	2.24355296801454E-4	2.4804313144720423E-4	1.0829994759273342E-4	1.064645359173439E-4
166	communication	1.7471839413720942E-4	2.9349403133683324E-4	3.134928192584693E-4	0.9973006437791192	6.688353703096337E-4	3.1553303519825274E-4	3.047121498448754E-4	3.368842051650763E-4	1.4708950637467308E-4	1.445967092558546E-4
167	communication	4.073948193330516E-4	6.843466508620687E-4	7.309782756114161E-4	0.9937058502320156	0.0015595385145130427	7.357354931230181E-4	7.105041907445125E-4	7.855204975819784E-4	3.42971918733632E-4	3.371594074816257E-4
168	communication	6.610511712590152E-4	0.0011104416002151478	0.0011861074867100527	0.9897869219765305	0.0025305544221945206	0.0011938266919103708	0.0011528856165746388	0.001274609347817996	5.565166217847029E-4	5.4708506500304E-4
169	config	1.9768159063540845E-4	3.320678812506757E-4	3.5469510505645624E-4	0.9969458680405667	7.567402420846367E-4	3.570034660862593E-4	3.447603943747647E-4	3.811608151839967E-4	1.6642144480270255E-4	1.6360101995841047E-4
170	config	2.4962857867705745E-4	4.1932904806392363E-4	4.479022788836929E-4	0.9823127150531372	9.55597283753766E-4	4.508172335898498E-4	4.3535691389008375E-4	0.014311907475248022	2.101538569876308E-4	2.0659227776883237E-4
171	config	2.604344613841696E-4	0.14473029069809415	4.67291002384486E-4	0.8516835418202703	9.969630288868062E-4	4.7033213919214024E-4	4.542025756014083E-4	5.021580982028711E-4	2.192509641421502E-4	2.1553521184151E-4
172	config	2.0210877525157382E-4	3.395047184931837E-4	3.6263869103979275E-4	0.9968774691270257	7.736878432619731E-4	3.6499874904556034E-4	3.5248148721569653E-4	3.896971148558256E-4	1.7014854178660637E-4	1.6726495202421766E-4
173	config	0.007753402236900703	2.3090749354353387E-4	2.46641612468746E-4	0.8531733754768337	5.262086531981779E-4	2.482467597584444E-4	2.3973338896351084E-4	0.13735199919035274	1.1572320257699545E-4	1.1376198540335449E-4
174	config	1.364213531232386E-4	2.2916220748412882E-4	2.447774019950841E-4	0.8618415243082941	5.222313694267789E-4	2.4637041697523715E-4	2.3792139345262E-4	0.1363138408970051	1.1484852289853253E-4	1.1290212934512189E-4
175	config	2.1158593488922775E-4	0.1879209496302244	3.7964332016337263E-4	0.8091655242748097	8.099671349017297E-4	3.8211404454890007E-4	3.6900983102215783E-4	4.079705508470372E-4	1.7812704193148388E-4	1.7510823666213042E-4
176	config	8.582369591897248E-5	0.13804009848795706	0.009664055493395454	0.837002953692231	0.014593635961638297	1.5499347621051693E-4	1.4967813217517164E-4	1.654814178367885E-4	7.225206670602779E-5	7.102757593063091E-5
177	config	0.08326644241998307	0.1664795247671192	2.9901993731369094E-4	2.2778168721902814E-4	6.379575486807992E-4	3.009659635220854E-4	0.7481887561831866	3.213314236310447E-4	1.4029889131015E-4	1.3792117803439462E-4
178	health	2.8511881866762436E-4	0.8061213167811766	0.15848067383876288	3.8970278591097336E-4	0.0010914566357337725	0.032108729366877455	4.972525567583645E-4	5.497533735859364E-4	2.4003188961899547E-4	2.359639529074354E-4
179	history	2.0210877525157382E-4	3.395047184931837E-4	3.6263869103979275E-4	0.34740700778504136	7.736878432619731E-4	3.6499874904556034E-4	3.5248148721569653E-4	0.6498601584568401	1.7014854178660637E-4	1.6726495202421766E-4
180	history	6.159336486277902E-4	0.001034652650423347	0.0011051542508617826	0.6492280754525952	0.0023578410962420697	0.0011123466111967373	0.0010741998125725772	0.3424435169083205	5.1853370552997E-4	5.097458636300672E-4
181	listener	1.3241789523585186E-4	2.2243715142773198E-4	2.375940982216199E-4	0.6898183391702377	5.069058265619189E-4	2.3914036415376096E-4	2.30939287958215E-4	2.5532227219951254E-4	1.1147814711551648E-4	0.3082454257868881
