0	config	1.2854942400294494E-4	4.882393155208942E-5	1.2769766687913513E-4	1.6329589942089826E-4	6.833225449961089E-5	0.0027369553930560193	9.086712406663114E-5	0.9936561798736067	2.0608256988543896E-5	0.0029586901759274136
1	config	5.509619481095184E-4	2.092590351994787E-4	5.473113229286567E-4	6.998851030337792E-4	2.9287157332543573E-4	8.136513142283846E-4	3.8945586946942265E-4	0.9837273512187624	8.83268478689537E-5	0.01268092576707397
2	config	6.951512606135221E-4	2.640231010740721E-4	6.905452497897056E-4	8.830483000286009E-4	3.6951743054780485E-4	0.05612230677738979	4.913782876366437E-4	0.9381469337692118	1.1144239607254504E-4	0.0022256534276355613
3	config	3.5641450422063426E-4	1.3536861400360284E-4	3.540529332112448E-4	4.527521417134369E-4	1.894571430300542E-4	5.263469297003656E-4	2.5193703686623493E-4	0.9965354065258166	5.713819221200887E-5	0.001141125979225842
4	config	4.255331372517252E-4	0.21095256193978298	4.2271359228773537E-4	5.405533079582304E-4	2.2619812463754482E-4	6.284201614296786E-4	3.00794598474665E-4	0.7850725843923883	6.821886848302E-5	0.0013624218773061563
5	config	7.251142801439043E-4	2.7540325641892826E-4	7.203097370004465E-4	9.211102226045247E-4	0.07222357362239672	0.001070836541487581	5.125581057042513E-4	0.9211132628558761	1.16245884002765E-4	0.0023215854943648222
6	config	5.696173504362771E-4	2.1634448185428048E-4	5.658431162081358E-4	7.235829976422918E-4	0.4856250520831003	0.1475665369161147	4.0264272558244323E-4	0.012531836392893955	9.131756780687981E-5	0.3517072263683607
7	config	5.632600793453279E-4	2.1392994774796295E-4	5.59527967833657E-4	7.155073776330162E-4	0.4802051853913922	8.318129870569781E-4	3.9814899139866924E-4	0.4141735539735269	9.029840900936453E-5	0.10224877487505588
8	config	3.8349748351206877E-4	1.456549107910654E-4	3.809564630751584E-4	4.87155558894762E-4	2.0385348162047523E-4	5.663426168241442E-4	0.15224570032907547	0.8442975221141468	6.147996971573777E-5	0.0012278370723444317
9	config	3.8060536573450063E-4	1.445564651036749E-4	3.780835082144142E-4	4.8348171144361866E-4	2.0231613573540064E-4	5.62071586059323E-4	0.12847327359580446	0.8605545921797583	6.101632309216445E-5	0.008760003129054313
10	config	5.224445210836909E-4	1.9842792556246618E-4	5.189828498542792E-4	6.636595117371145E-4	0.1348519978030276	7.715372588792041E-4	3.692978905464086E-4	0.7878841192238003	8.37551084826548E-5	0.07413577790702632
11	config	5.895803603388979E-4	2.239265666175456E-4	5.856738529712297E-4	7.489419417408828E-4	0.2105915089308657	8.706823341956696E-4	4.167538840853648E-4	0.7839907652599594	9.451791538936785E-5	0.0018876489538359796
12	config	2.3964103252430025E-4	9.101726794801063E-5	2.3805319221935237E-4	3.0441519476051375E-4	1.2738456161907714E-4	3.538978358223854E-4	1.6939392457598508E-4	0.38988591085705976	0.6078230317017242	7.672544317464178E-4
13	config	1.0479345050640675E-4	0.3904045025157818	1.0409909836372116E-4	1.331187664712605E-4	5.570443263699196E-5	1.5475720060093202E-4	7.407485130635735E-5	0.28054417281406147	0.32808926154356716	3.3551532670385385E-4
14	config	1.2291405031352994E-4	0.6405713048855641	1.2209963267780045E-4	1.561373032441872E-4	6.533669234807067E-5	1.8151739683274447E-4	8.688367408877537E-5	0.3582805698077399	1.970482836473861E-5	3.9353172882609363E-4
15	config	4.967339019584326E-4	1.886628603506244E-4	4.934425870193532E-4	6.309993990427859E-4	0.7975009064978928	0.15821245429559216	3.5112394666447235E-4	0.04045565907277593	7.963333936250879E-5	0.0015903840993409643
16	namespace	5.334897521588449E-4	0.02134406600121559	5.299548962043723E-4	6.776902314911573E-4	2.835839818046745E-4	0.14877794983067263	3.7710538085789874E-4	0.14915639272698267	8.552581233652357E-5	0.6782342413862756
17	namespace	9.973854327017593E-4	3.788136623324442E-4	9.907768449614641E-4	0.0012669753487079367	5.301742559345876E-4	0.35719766629447347	7.050171290809138E-4	0.061467897052955404	1.5989472899759574E-4	0.5763053992498545
18	namespace	0.0013074460376628907	4.965767551742675E-4	0.001298783015753506	0.0016608442886493235	6.949913318012361E-4	0.36461645272579446	9.24188204157317E-4	0.23601333367008526	2.0960174774640008E-4	0.3927777822231753
19	permission	0.0012430412913227264	4.721154014861341E-4	0.0012348050095712841	0.0015790311567573363	6.607560829696414E-4	0.6668452328658558	0.17328854098964575	0.10123741201651171	1.9927677294270373E-4	0.053239788412936834
20	permission	0.0011846838081390363	4.499508388160795E-4	0.001176834197914245	0.0015048998428418238	6.297353419294224E-4	0.9876436787406941	8.374118469129254E-4	0.0025899030458237933	1.8992125836158385E-4	0.003792981078566869
21	permission	0.0011846838081390363	4.499508388160795E-4	0.001176834197914245	0.0015048998428418238	6.297353419294224E-4	0.9876436787406941	8.374118469129254E-4	0.0025899030458237933	1.8992125836158385E-4	0.003792981078566869
22	role	0.0013788893768055582	5.237114135145057E-4	0.0013697529776443072	0.0017515985212211234	7.329680436415547E-4	0.7670443738262914	0.19222670233141953	0.0030144666216486917	2.2105510667501003E-4	0.03173648178113826
23	role	0.0013788893768055582	5.237114135145057E-4	0.0013697529776443072	0.0017515985212211234	7.329680436415547E-4	0.8763312385757924	9.746890197927294E-4	0.0030144666216486917	2.2105510667501003E-4	0.11370163034326403
24	role	9.78056602978893E-4	3.714724434456946E-4	9.71576086356295E-4	0.09813991563401483	5.19899744616884E-4	0.834762822737732	6.913542505257346E-4	0.0021381838408192563	1.5679604930061392E-4	0.0612699226102098
25	user	8.916572502504136E-4	3.386573910525895E-4	8.85749208104071E-4	0.0011326691954020006	4.739729533843627E-4	0.9730324060830332	6.3028154822039E-4	0.019616858177015674	1.4294503379834635E-4	0.0028548031597388566
26	user	7.251142801439043E-4	0.1726869126820804	7.203097370004465E-4	9.211102226045247E-4	3.854446950377646E-4	0.8200255063133797	5.125581057042513E-4	0.001585212585681447	1.16245884002765E-4	0.0023215854943648222
27	user	8.761773374115943E-4	3.3277801655723973E-4	0.03559203836619592	0.0011130051143718577	4.657443879750789E-4	0.9214180862306175	6.193393353604289E-4	0.0019154599220940404	1.404633889024864E-4	0.03752690790051376
28	user	0.0015970617107844407	6.065747260759101E-4	0.0015864797210176614	0.0020287421006822187	8.489406165709952E-4	0.7301853817049844	0.25428607891080196	0.0034914252737416884	2.5603116013693945E-4	0.005113284075203706
29	catalog	0.5192702462165845	9.850066665468199E-5	0.39080048277365603	3.2944407473154487E-4	1.3785806280365028E-4	3.829951562165746E-4	1.8332141662962472E-4	5.66966776316894E-4	4.157647668739844E-5	0.08818860837971927
30	catalog	0.2251224806165721	1.5383771040518052E-4	0.18499168282715936	0.06471950607194986	2.1530583967473157E-4	5.981593823642582E-4	0.2571062399174225	8.854850805240847E-4	6.493387504397891E-5	0.2661423686788839
31	catalog	0.04148261404983548	6.09290030764116E-5	0.6199922525708228	2.0378236741476678E-4	8.52740861350556E-5	2.3690715853912666E-4	0.07322189133613811	3.5070544831478263E-4	2.571772721979283E-5	0.26433992625250363
32	cluster	0.5730237133969689	1.0978361586136305E-4	2.87136065478351E-4	0.12636880654559154	1.5364928100725927E-4	4.2686607649314393E-4	2.043203225515529E-4	6.319110813284089E-4	4.6338934552797856E-5	0.29874747468016677
33	health	0.21918356313270307	1.1041600660369252E-4	2.8879006628869706E-4	0.4208739753588551	1.5453435281066272E-4	4.293249694059959E-4	2.054972766848048E-4	0.006395889176624247	4.6605862481803274E-5	0.352311403797542
34	instance	9.973854327017593E-4	3.788136623324442E-4	9.907768449614641E-4	0.33722923386005477	5.301742559345876E-4	0.0014729219883415985	7.050171290809138E-4	0.002180439668600086	1.5989472899759574E-4	0.6553553424289948
35	instance	7.356843171083575E-4	2.7941782719789727E-4	7.308097378340246E-4	0.32162993606578233	3.9106334686391956E-4	0.0010864461938366766	5.200296977995676E-4	0.0016083203303308064	1.1794040764479136E-4	0.6729003520756016
36	instance	5.761197631753732E-4	2.1881414172992322E-4	5.723024445350267E-4	0.5030096621284709	3.0624456379247007E-4	0.023681613912099848	4.072390553573814E-4	0.001259487400060816	9.235999482522104E-5	0.4698761565959531
37	instance	0.12008800534405306	9.188991287330203E-5	2.4033557131974783E-4	0.6091253527121325	1.28605884712634E-4	3.5729089691358855E-4	1.7101802022276785E-4	5.289154829830783E-4	3.8786121456187316E-5	0.26922980005333313
38	instance	0.05936883400442435	1.413583349635894E-4	0.022493462280997776	0.6346867626180879	1.9784014546366172E-4	5.496364585195567E-4	2.630846175770371E-4	0.12618153342332336	5.966641361714862E-5	0.1560578217030257
39	instance	0.22373346838971958	1.1575008350835435E-4	0.2841175863366939	0.2479702990337778	1.6199973892322888E-4	4.500651906324588E-4	2.154246260904902E-4	6.662538836941319E-4	4.8857340889080855E-5	0.24252029537607106
40	instance	0.13302121189828617	6.211362046583089E-5	0.12653926625665	0.5413597247181462	0.0681359834491773	2.4151324637108087E-4	1.156008104565425E-4	3.5752406919582275E-4	2.6217746346032282E-5	0.13014084418490493
41	operator	0.0017645802666981074	6.701993947282283E-4	0.0017528883137830954	0.0022415403568376534	9.379874612759371E-4	0.0026059023821641387	0.0012473205170947534	0.003857646889342508	2.828867098789555E-4	0.9846390477081967
42	operator	4.40385832334592E-4	1.672614863985814E-4	0.8904826640237057	5.59420636390021E-4	2.3409328362623328E-4	6.503543710706062E-4	3.112934528825057E-4	9.627519179929135E-4	7.059996166655062E-5	0.10612117503393224
43	service	0.4223732423715021	1.526128968600756E-4	3.991548866544267E-4	0.04031905215790245	2.1359163378802644E-4	5.933970018548129E-4	2.8403069134974265E-4	8.784350918200297E-4	6.441688938759763E-5	0.5347220663788808
44	service	0.0016492516976308617	6.263968323611607E-4	0.001638323901623154	0.002095038864817513	8.766829381813922E-4	0.002435587096123748	0.0011657987563000853	0.0036055207015397413	2.6439793944771356E-4	0.9856430012719747
45	service	0.38762179307592687	1.3256015443978737E-4	0.4567753328242029	4.4335900363787683E-4	1.8552652196850036E-4	5.154269385378459E-4	2.467101607112683E-4	7.630121295958096E-4	5.595276009720069E-5	0.15326032643088197
46	service	1.9218752930844505E-4	7.29941098445197E-5	0.2896034548362689	0.12210204705381376	1.0215998450568895E-4	2.838193024703025E-4	0.38094182532849336	0.01184433106707085	3.0810328593078824E-5	0.19482637045963103
47	service	0.3687314160938628	0.007987154837627155	3.928985856692803E-4	0.21209964411201698	2.102438267247398E-4	5.840961756056248E-4	2.795788317996887E-4	8.646666161879153E-4	6.340722756956605E-5	0.40878689369293625
48	service	3.721849502881158E-4	1.413583349635894E-4	0.36172419434228115	4.7278528612331903E-4	1.9784014546366172E-4	5.496364585195567E-4	0.05925973367171328	8.136541832838494E-4	5.966641361714862E-5	0.5764089462137464
49	service	3.667753215562232E-4	1.3930372176732886E-4	0.2765252855857692	0.16034856320752566	1.9496458121961172E-4	5.416476100295751E-4	0.33455934658923386	8.018278935740974E-4	5.879917504347053E-5	0.22646348631428104
