0	code	0.0028322328938702236	0.013365568971581029	0.16767711260866522	0.6662589180407951	0.003703037260198186	0.002139554200052884	0.1287403911183064	0.005107810939378994	0.004890754549738754	0.005284619417413239
1	file	0.0018952578366536702	0.146787883890033	0.0019300470094387936	0.6112562169630728	0.0024779778534458094	0.001431734965500796	0.0034433859156843046	0.0034180164816089314	0.19625434951583953	0.03110512956872232
2	search	0.0021301618368751093	0.1649812190885249	0.0021692628851705583	0.6250456496770269	0.0027851059385945332	0.001609188536275556	0.0038701696019233047	0.0038416558033016373	0.18959295070821142	0.003974635924095962
3	user	0.0020661408957597803	0.1900772879775205	0.002104066781742613	0.6062602174907721	0.0027014009823756757	0.0015608251853127533	0.0037538536038137236	0.18405317477180638	0.003567852067606653	0.003855180243289707
4	account	0.0020058559067651282	0.009465819540104165	0.0020426752072175256	0.6177485910591183	0.002622580642084809	0.0015152840853266585	0.0036443252441273775	0.003617475372723482	0.0034637507824176192	0.3538736421601149
5	business	0.0025206891532373143	0.011895365245713175	0.07589985003544635	0.8863024441741076	0.0032957056165886394	0.0019042046565128856	0.004579696419248549	0.004545955122386021	0.004352774791703769	0.004703314785055677
6	order	0.0018444096799128825	0.008703939863872256	0.0018782654887638491	0.6485150321949552	0.10972809571379624	0.0013933227333869896	0.003351002798530767	0.0033263140048069816	0.0031849623147655816	0.2180746552072092
7	storage	0.0018444096799128825	0.008703939863872256	0.0018782654887638491	0.6485150321949552	0.029240645788934885	0.0013933227333869896	0.003351002798530767	0.0033263140048069816	0.0031849623147655816	0.29856210513207054
8	service	0.002720166853568252	0.012836718962717101	0.0027700979778949755	0.9168729423639004	0.0035565151561229107	0.0020548961312442373	0.004942116080852704	0.044473792598828187	0.004697236743465021	0.005075517131406265
9	service	0.002720166853568252	0.012836718962717101	0.0027700979778949755	0.9168729423639004	0.0035565151561229107	0.0020548961312442373	0.004942116080852704	0.044473792598828187	0.004697236743465021	0.005075517131406265
10	service	0.002720166853568252	0.012836718962717101	0.0027700979778949755	0.9168729423639004	0.0035565151561229107	0.0020548961312442373	0.004942116080852704	0.044473792598828187	0.004697236743465021	0.005075517131406265
11	s	0.002270892485384521	0.010716551667111112	0.0023125767720934835	0.6993725863167348	0.0029691059324545312	0.0017155007151737488	0.268388684468454	0.004095457511317253	0.003921421073422079	0.004237223057854486
12	gateway	0.0021982771189831287	0.010373873037068021	0.002238628484925462	0.7089856216917745	0.0028741640906203834	0.0016606448759845594	0.2598065332719105	0.003964498802492568	0.003796027454000036	0.004101731172240874
13	log	0.0028322328938702236	0.26055490624690053	0.0028842210917855693	0.707457140920015	0.003703037260198186	0.002139554200052884	0.00514572248064665	0.005107810939378994	0.004890754549738754	0.005284619417413239
14	monitor	0.0028322328938702236	0.09576201473002087	0.0028842210917855693	0.707457140920015	0.003703037260198186	0.16693244571693253	0.00514572248064665	0.005107810939378994	0.004890754549738754	0.005284619417413239
15	transaction	0.002431533463585857	0.011474631300484152	0.002476166460828519	0.7134760313272667	0.038548707213472394	0.001836853757981471	0.004417714529443521	0.21660258235791466	0.004198819022126458	0.0045369605668963316
16	uaa	0.08953859259239738	0.21370887180657944	0.0020426752072175256	0.6761037488495397	0.002622580642084809	0.0015152840853266585	0.0036443252441273775	0.003617475372723482	0.0034637507824176192	0.0037426954175858638
