0	sys	4.0432206439632994E-4	2.270008881879384E-4	0.09082544977641593	4.89253448497757E-4	0.3969854629947469	0.18153005401288427	0.32855714887129356	2.8456261268104097E-4	2.96169628488191E-4	4.0057570240813005E-4
1	file	5.077928880857429E-4	2.8509311452760863E-4	0.61167521517252	6.144592232173032E-4	0.08627627362461332	5.085176347472907E-4	3.3634030075133244E-4	3.573855687303967E-4	0.2989358346852867	5.030877875203236E-4
2	index	2.9680453107573174E-4	1.666366941240005E-4	1.9296918806172342E-4	3.5915091741374564E-4	0.8564999859984211	2.9722814491136516E-4	1.9659063289108835E-4	2.0889157494924997E-4	0.1414876879145391	2.9405440361284445E-4
3	aggregation	6.339823767608463E-4	3.559404130840172E-4	4.121873208794325E-4	7.671559171032561E-4	0.9597363884029191	6.348872271867151E-4	4.199228234066606E-4	4.461979629881412E-4	0.035965229524356344	6.281080313153865E-4
4	search	5.466525812135764E-4	3.0691033805187835E-4	3.554093475807261E-4	6.614817345876465E-4	0.9958932833604923	5.474327903156662E-4	3.6207930021426514E-4	3.8473509223698507E-4	4.004280402848209E-4	5.415874150221947E-4
5	sy	8.855251598690097E-5	4.971655408001423E-5	5.757293208726306E-5	1.071537460722792E-4	1.6955834375876702E-4	8.867890243665038E-5	0.0074966076885962536	6.232342364578834E-5	0.9669989229272153	0.024880912966120612
6	sy	3.423194085111736E-4	1.9219037648124818E-4	2.2256094972254872E-4	4.1422659273334566E-4	6.554654184215537E-4	3.4280798338948024E-4	2.2673774192801454E-4	2.4092502941388408E-4	0.9970236189494944	3.391475499043867E-4
7	sy	5.684289942456743E-5	3.191363962740883E-5	3.695674088693136E-5	0.12738905424837135	0.12583760910460687	5.6924028370161674E-5	3.7650306525774944E-5	4.000613717871434E-5	0.7464567266897625	5.63162052457048E-5
8	order	2.8048848409456794E-4	1.5747628097175225E-4	1.8236121544445652E-4	3.394075421336845E-4	0.8958013010618321	2.8088881087585954E-4	0.10227731836323196	1.9740831107019683E-4	2.054603927033622E-4	2.7788953764204473E-4
9	account	0.0014096732569236702	7.914410554225535E-4	9.165072474970983E-4	0.0017057874475257815	0.8710045800164543	0.001411685211030944	9.337073013806344E-4	9.921306313463536E-4	0.11943787630714543	0.0013966115252731707
10	business	9.566049553936509E-4	5.370722838080984E-4	6.219422623673935E-4	0.0011575481886578808	0.9928135243063713	9.579702684260077E-4	6.336142272693421E-4	6.732603273008983E-4	7.007219224404806E-4	9.477412579648174E-4
11	order	9.316522405148929E-4	5.230629359664576E-4	6.05719110002981E-4	0.0011273539378889028	0.4191384642311456	9.329819398212026E-4	6.170866156706018E-4	6.556985606681868E-4	0.5745449606787024	9.230197496185638E-4
12	storage	0.0010401835800073055	5.839963171258262E-4	6.762813901177624E-4	0.0012586832339935396	0.9921856415519423	0.0010416681805101777	6.889731351991291E-4	7.320831170486184E-4	7.619440331811793E-4	0.0010305454608739671
13	user	5.729606392481556E-4	3.216806240842909E-4	3.725136841621582E-4	6.93316030190372E-4	0.0010970920018156516	5.73778396487842E-4	3.795046331780458E-4	4.032507518759455E-4	0.7864733937283355	0.209112509510622
14	api	1.326090324953367E-4	7.445146038005305E-5	8.621653192938113E-5	1.6046471900355561E-4	0.029956514842087213	1.327982985442457E-4	0.08548280404107997	9.333048100731008E-5	0.8800366055276752	0.0038442050657977456
15	demo	8.055735657946666E-4	4.5227785233323975E-4	5.237483280729288E-4	9.747913353977546E-4	0.993948144615631	8.067233194957114E-4	5.335774914416504E-4	5.669641574757294E-4	5.900900413573358E-4	7.981092929999139E-4
16	demo	0.0014675970003790394	8.239615196004626E-4	9.541667054021603E-4	0.0017758785796477712	0.9889747067357328	0.0014696916260649798	9.72073512785967E-4	0.0010328974685421817	0.0010750282921650738	0.0014539985596794818
17	demo	0.0018470817001715605	0.0010370178217225126	0.0012008908848996922	0.0022350773579851136	0.9861238354792269	0.0018497179448437766	0.0012234279548300503	0.0012999794983262097	0.0013530043227888526	0.0018299670352052693
18	swagger	3.826627370479632E-4	0.10735382335051664	2.487903988594463E-4	4.6304439009983895E-4	0.8899862710173921	3.8320889188329325E-4	2.5345943805992735E-4	2.6931873825047426E-4	2.803039721242537E-4	3.791170657660423E-4
19	aggregation	0.0012174672009200031	6.835296915125084E-4	7.915433649271586E-4	0.0014732068292447854	0.9908538018772846	0.0012192048292131777	8.063982267573109E-4	8.568556555639081E-4	8.918059149984596E-4	0.0012061864095780398
20	audit	4.337856224129983E-4	2.435427849279702E-4	2.8202823941568176E-4	5.249060844383436E-4	0.9967411941427444	4.34404742312169E-4	2.8732105180519197E-4	3.052991190120041E-4	3.177519555490838E-4	4.297662573821483E-4
21	slow	4.67880801354509E-4	2.626850395417648E-4	3.0419541783885656E-4	5.661632537674226E-4	0.9964850547893451	4.6854858354827356E-4	3.099042407556876E-4	3.292953686698349E-4	3.427269875088713E-4	4.635455176696571E-4
22	sy	5.151164674627051E-4	2.8920483429182035E-4	3.3490596024000175E-4	6.233211844631617E-4	0.9961301977875652	5.158516666922753E-4	3.4119112664515196E-4	3.6253991736778026E-4	3.7732754709877145E-4	5.103435081732352E-4
23	client	3.632059775594849E-4	2.039168444202272E-4	2.3614047378183391E-4	4.3950056819503595E-4	0.7023662901830067	3.637243627631114E-4	2.40572112357768E-4	2.556250351313667E-4	0.29517118385432456	3.598405884599624E-4
24	token	9.566049553936509E-4	5.370722838080984E-4	6.219422623673935E-4	0.0011575481886578808	0.0018316854135682601	9.579702684260077E-4	6.336142272693421E-4	6.732603273008983E-4	0.9648992678721948	0.02773103420101355
25	access	1.8191442957814775E-4	1.0213327622893029E-4	1.1827272193310868E-4	0.9985051730004658	3.4832561267546957E-4	1.821740666833879E-4	1.2049234124954883E-4	1.2803171017250286E-4	1.332539917287043E-4	1.802288492843931E-4
26	app	1.6820680975833746E-4	9.443732750873037E-5	1.0936063336997063E-4	0.9986178112351211	3.220785739818915E-4	1.68446882683111E-4	1.114129998862617E-4	1.1838426212786669E-4	1.2321303421738964E-4	1.6664824134536728E-4
27	app	0.5760647832076599	7.309452457659912E-5	8.464516854137767E-5	0.4229955943337746	2.49288929097861E-4	1.3037794620981746E-4	8.623370094400584E-5	9.162946036129563E-5	9.536693165028147E-5	1.2898579718427416E-4
28	cluster	1.5920925545245517E-4	8.938577826418454E-5	1.0351082123046406E-4	0.9764038197345415	3.048502616185179E-4	0.022447362678028562	1.0545340456251644E-4	1.1205176685619718E-4	1.1662224298749686E-4	1.5773405645809106E-4
29	commit	6.019289113782821E-4	3.379444495884137E-4	3.9134757437347457E-4	0.9950538305805919	0.0011525597904967102	6.027880135422667E-4	3.986919782336702E-4	4.236386750888718E-4	4.4091846020171153E-4	5.963515665045784E-4
30	index	0.0028951385584067377	0.08268433312210795	0.001882291132541327	0.0035032877211243745	0.816132531899394	0.0028992706407067344	0.08297651465581446	0.002037603843074664	0.0021207156046390216	0.002868312822190781
31	instance	0.3760596366916091	3.2221321683061206E-5	0.1269782421697125	6.944639236627833E-5	1.0989084097633706E-4	0.49335956450379137	3.8013296264427104E-5	4.03918396767549E-5	0.0032557337894527816	5.685915446738047E-5
32	item	5.748329341796802E-5	3.227317975171344E-5	3.737309675757197E-5	0.9995276483607013	1.1006770295709805E-4	5.7565336364958654E-5	3.8074476129945E-5	4.045684764928783E-5	4.210704078516225E-5	5.6950665484988034E-5
33	item	4.559354232399562E-4	2.5597847643150565E-4	2.96429060945648E-4	0.7792415617847549	0.2178849410645528	4.565861564101669E-4	3.0199213296153767E-4	3.2088818957903945E-4	3.3397688824426583E-4	4.5171082288021506E-4
34	namespace	0.9310306450564008	4.0319789264347954E-5	4.669125871743038E-5	0.06845104827511943	1.3751067053767533E-4	7.191799038776809E-5	4.756751165271606E-5	5.054387525705497E-5	5.260550785712121E-5	7.115006480565898E-5
35	namespace	0.5774068140447177	6.503445982439662E-5	7.531142509949179E-5	0.42175717478501124	2.2180007241297543E-4	1.1600129221559024E-4	7.672479152217385E-5	8.152556560311213E-5	8.485090943421765E-5	1.1476265415896822E-4
36	namespace	0.997272059535468	1.817392557702402E-4	2.1045830757316993E-4	3.9170136435497197E-4	6.198218636544742E-4	3.241664276534664E-4	2.1440796999033245E-4	2.2782376695315248E-4	2.3711646369695732E-4	3.207050448852076E-4
37	release	0.9479689103787211	2.6547778035712725E-5	3.074294770023581E-5	0.051689820714861376	9.054121625095411E-5	4.735299664071458E-5	3.131989933747255E-5	3.327962784209129E-5	3.463706957619637E-5	4.684737103418878E-5
38	release	0.8330451038853155	7.390268494303388E-5	8.558103714195452E-5	1.592819470895083E-4	2.5204516061389925E-4	1.3181945348268468E-4	0.05536905476367017	9.264254990104909E-5	0.11066015660550461	1.3041191233751089E-4
39	apollo	0.2185881948198258	4.8510179037306186E-4	5.617592158058518E-4	0.0010455365426410143	0.12261230499626258	0.3395472930048372	0.31506275069741635	6.08111421883608E-4	6.329156602893857E-4	8.560318506650488E-4
40	config	0.4636206288245978	2.791519776487858E-5	3.232645171934676E-5	6.01654331883333E-5	9.520480222932403E-5	0.023715574125856474	0.5123275098424815	3.499379087409176E-5	3.642115155229497E-5	4.92603797359162E-5
41	config	0.2121154535333815	2.137027262984404E-5	2.4747275380835392E-5	4.60592011905792E-5	7.288333030800893E-5	3.8117933888510904E-5	0.7875889863552674	2.6789237089767832E-5	2.7881942471661955E-5	3.771091839193899E-5
42	notification	0.15918857542041198	3.891147467147083E-5	4.506039748994618E-5	8.38656329546546E-5	1.327076125969493E-4	6.940599423894277E-5	0.840273262058878	4.8778447450912815E-5	5.076807006955805E-5	6.866489123758767E-5
43	notification	0.16664678859463877	0.004891233520088821	2.2625398402666984E-5	4.211000043473349E-5	6.663417930884194E-5	3.4849632019772155E-5	0.818467906440408	2.4492278553172975E-5	0.00976888244136373	3.447751478164054E-5
44	service	2.329284401880556E-4	1.3077436890777722E-4	1.5143977693556166E-4	0.05245462173042012	0.013489197238828677	0.9328214287406771	1.542818410114495E-4	1.6393546468109678E-4	1.7062222339468358E-4	2.3077017495562485E-4
45	app	2.1472398158944183E-4	1.2055373383797024E-4	1.396040425478632E-4	0.5593667201011755	4.111485967149639E-4	0.04229834485781512	1.422239858824524E-4	1.511231332319096E-4	1.5728729014529488E-4	0.39699827027705953
46	cluster	1.6358440399933633E-4	9.1842143359122E-5	1.0635534944464308E-4	0.760491537206249	3.132276965568711E-4	1.6381787960220807E-4	0.009268515056501366	1.1513100445166952E-4	1.1982707951217456E-4	0.22916616218032362
47	item	6.478161126543244E-5	3.637071678849591E-5	4.211814045396434E-5	0.7945112529675674	1.240423559937681E-4	6.487407072596427E-5	4.2908569866564077E-5	4.55934171757418E-5	4.745312569076725E-5	0.2050206050244718
48	namespace	0.7198435723201833	3.617388307948504E-5	4.189020241660302E-5	7.796532067989109E-5	1.2337105448638559E-4	6.45229804784478E-5	4.2676354125414345E-5	4.5346671381278394E-5	4.7196315389551884E-5	0.2796772848977796
49	namespace	0.5511444884960077	4.5851424979135466E-5	5.309702221476344E-5	0.1715914022055385	1.563763181561063E-4	8.178471170311215E-5	5.409349185059372E-5	5.747819487124285E-5	5.982267122444796E-5	0.2767556054634544
50	release	0.6309231415791883	2.668911428475829E-5	3.0906618381326714E-5	5.752286392094637E-5	0.0027529456247701633	4.7605096643858446E-5	3.148664161951545E-5	3.345680341446899E-5	3.4821471957640284E-5	0.366061424185819
51	access	1.3460813820926484E-4	7.557382992800442E-5	8.751626210893098E-5	0.5353319556420043	2.5774460179754075E-4	1.3480025747889874E-4	8.915867620665915E-5	9.473745528616952E-5	9.860169848620042E-5	0.46369530343849397
52	app	5.684289942456743E-5	3.191363962740883E-5	3.695674088693136E-5	0.10829101359821876	0.06058597021658551	0.028703985003599043	3.7650306525774944E-5	0.01277203323728044	4.16379462988282E-5	0.7894419964115528
53	cluster	2.134407964259725E-4	1.1983330772852202E-4	1.3876977226826175E-4	0.5201681080286701	4.0869158294602856E-4	2.1374542949247912E-4	1.413740588867674E-4	1.502200251534139E-4	1.5634734521868373E-4	0.47828946965320984
54	commit	0.23189530677319206	2.01864060030671E-4	2.337633014609304E-4	0.33263855380506	6.88457523185024E-4	3.600628325148171E-4	2.3815032774152076E-4	2.5305171617289926E-4	2.633734349748611E-4	0.43322741622566724
55	configs	0.12871968704716016	5.9976995559514964E-5	0.16457427463373547	0.4039138258687908	2.045515868684552E-4	1.0698034560290905E-4	0.1346656108392421	7.518565541049556E-5	7.825240083639143E-5	0.16760165462679358
56	consumer	1.3211849965851012E-4	7.41760576764899E-5	0.11845679952342116	1.598711454562472E-4	2.529774985196803E-4	1.3230706559514064E-4	8.750964606352418E-5	9.29852430944061E-5	0.15545858677783303	0.7251526685426817
57	env	8.640378409603674E-4	4.8510179037306186E-4	5.617592158058518E-4	0.0010455365426410143	0.0016544400080039784	0.6298461689766578	5.723017279439941E-4	6.08111421883608E-4	6.329156602893857E-4	0.3637296268154408
58	favorite	4.0432206439632994E-4	2.270008881879384E-4	2.628723362113763E-4	0.8495134169504157	7.741866938519099E-4	4.0489913247514057E-4	2.678056505519604E-4	2.8456261268104097E-4	0.14746035796882062	4.0057570240813005E-4
59	instance	0.32193042552172324	9.488418469790707E-5	1.0987810444336342E-4	2.045032287843523E-4	3.2360258074976917E-4	0.06641424274762772	1.1194018231804235E-4	0.41651607981077193	1.2379605188204376E-4	0.1941706475870017
60	item	0.05819552311286578	2.2003405648249345E-5	2.5480458219939392E-5	0.5278435671227636	7.50426309266121E-5	3.924724669402483E-5	2.5958648933168355E-5	2.758291674155353E-5	0.008807022229749847	0.40493857222745716
61	namespace	0.6263536130074706	3.876104469410502E-5	4.4886196058832686E-5	0.005882472651795718	1.321945710500077E-4	6.913767384680737E-5	4.5728573457317283E-5	4.858987220908679E-5	5.0571803037893256E-5	0.3673340446063795
62	namespace	0.4746367983094046	1.9462095365249203E-5	2.253756149181224E-5	0.0029536160502436127	6.63754903627441E-5	3.471433787084436E-5	2.296052298297482E-5	2.4397193991583512E-5	2.539233039985027E-5	0.5221937461078868
63	namespace	0.7480699553895696	1.7850363923358796E-4	2.0671138796918252E-4	3.847276623522606E-4	6.087867911088133E-4	3.1839509195883217E-4	2.105907320999792E-4	2.2376767931995588E-4	2.3289493242789394E-4	0.24956566669396002
64	organization	0.0011773353849438234	6.609982526587094E-4	7.654514319088249E-4	0.0014246449745012439	0.002254335020240359	0.9900799720612152	7.79816627503313E-4	8.286108096565568E-4	8.624089909251526E-4	0.0011664264464467328
65	page	0.09267614148488054	3.690417003435586E-4	4.2735891785768165E-4	0.037602922544393756	0.09327744076983409	0.7736163756353791	4.353791451224803E-4	4.626214076795705E-4	4.814912582937181E-4	6.512271362155246E-4
66	permission	0.006777293923941769	6.264383195339964E-4	1.4260734161108645E-5	6.406654310648239E-4	0.003726740957667848	2.196563919015227E-5	1.4528364773588477E-5	1.543742422698957E-5	1.6067100857155988E-5	0.9881466021045826
67	prefix	0.8810039476254469	0.0010370178217225126	0.0012008908848996922	0.0022350773579851136	0.003536750033331016	0.0018497179448437766	0.0012234279548300503	0.0012999794983262097	0.10478322384340948	0.0018299670352052693
68	release	0.5452009309070852	3.437553472577205E-5	3.980767297437886E-5	7.408935287783607E-5	1.1723778612136313E-4	6.131528515126636E-5	4.055474193865311E-5	4.3092307047604356E-5	4.484999785721447E-5	0.45434374641422065
69	release	0.64316968049355	1.8681876468358062E-4	2.1634049766288804E-4	0.01903560365047137	0.00995362276028509	3.332266950772154E-4	2.204005508999515E-4	2.341913117634621E-4	2.4374373410006236E-4	0.3264063715415065
70	server	2.24157262129303E-4	1.2584991539628225E-4	1.4573714462665522E-4	0.16972372093013494	4.292112277619154E-4	0.6027221748811812	1.484721876361423E-4	1.5776229342858098E-4	1.6419725484654584E-4	0.22615871690285846
71	system	9.390752859135902E-5	5.2723049951775555E-5	6.105452460405283E-5	1.136336258863867E-4	1.7981200011059267E-4	0.7546885721992258	6.220033236050128E-5	6.609229136746374E-5	6.878812784227422E-5	0.2446132163200597
72	user	2.0487068179980992E-4	1.1502173842938929E-4	1.3319786251670703E-4	2.479055594363786E-4	3.922817223605895E-4	2.0516308318267124E-4	1.356975813336785E-4	1.4418836271461538E-4	0.7630416097176977	0.23538006369052852
73	address	6.98492397141347E-5	3.921586490223887E-5	4.5412888494367575E-5	8.452168311939666E-5	1.3374573569981585E-4	0.8820719498547959	4.626515030816476E-5	0.1173886723412965	5.116521010844357E-5	6.920203156099966E-5
74	server	2.783029170227788E-4	1.5624922533918073E-4	1.809402563311673E-4	0.22630484597549338	5.328880963765757E-4	0.7716869838034964	1.8433595469263256E-4	1.9587010494467522E-4	2.038594447346822E-4	2.7572422156846077E-4
75	operation	5.919527471687808E-4	3.3234347369399486E-4	3.848615133268301E-4	7.162975964036351E-4	0.481769553726507	5.927976108668957E-4	3.9208419354567006E-4	0.5142000304709604	4.336108282225452E-4	5.864678393042676E-4
76	capacity	7.529773615847924E-5	4.227484594993817E-5	0.2277353182920436	0.002199321748982017	0.7696397571582415	7.540520474298163E-5	4.9874001427844026E-5	5.2994685220100076E-5	5.515628383366813E-5	7.460004339970582E-5
77	communication	1.537272373413025E-4	8.630797695212408E-5	0.9986507204255518	1.8601898738709573E-4	2.9435341801082064E-4	1.539466443173869E-4	1.0182235012380598E-4	1.0819351242528082E-4	1.1260661433322162E-4	1.5230283355718966E-4
78	config	1.2230261058573174E-5	0.002403850381690847	0.99749566988151	1.4799334307586376E-5	2.34182257355146E-5	1.224771668089485E-5	8.100802077427332E-6	8.607680230845119E-6	8.958778639596018E-6	1.211693806888175E-5
79	config	0.002752100597848836	5.328343163942583E-5	0.20466571436451098	1.1484141267236132E-4	0.42267571972596124	0.135611983392587	0.14620858352086005	6.679477177804413E-5	0.0877569525066236	9.402627551839109E-5
80	health	3.296803164286321E-4	1.850943375032376E-4	0.08328867847151852	3.989325488713153E-4	0.4436943838435426	0.4710847152903351	2.183661476579743E-4	2.3202961315631684E-4	2.414938620337721E-4	3.2662556895258224E-4
81	history	0.132133482872664	0.005851048355423484	0.7343446048377609	2.479055594363786E-4	0.12658486729623067	2.0516308318267124E-4	1.356975813336785E-4	1.4418836271461538E-4	1.500696574829886E-4	2.0297239377059403E-4
82	listener	2.1602268883721395E-4	1.2128287460148644E-4	0.7380286109441033	2.6140014303984197E-4	4.1363533181792045E-4	2.1633100690591226E-4	0.1392531476236216	0.12111730971324136	1.5823860514132873E-4	2.140210686900256E-4
83	health	2.2137851122654799E-4	1.2428982511548047E-4	0.11791006187894193	2.678810027412176E-4	0.13058645677357486	0.7502060046836965	1.4663166183069256E-4	1.5580660343165152E-4	1.6216179426944646E-4	2.1932726517174338E-4
84	namespace	0.3389968782630184	4.3846275419445375E-5	0.6494628919735553	9.45015749673438E-5	1.4953775412806662E-4	7.820814720734131E-5	5.1727904708739905E-5	0.0022415373741210935	0.008803497676256152	7.737305661810137E-5
85	permission	1.9065393332907726E-4	1.0703994664956348E-4	1.2395476100699647E-4	2.307024586703688E-4	0.011041024054246399	1.9092604387834484E-4	1.2628101491744134E-4	0.03750005742388456	0.8542167948418846	0.09627256552153267
86	role	1.8473719041391443E-4	1.0371807526238859E-4	1.2010795626931006E-4	2.2354285218329737E-4	3.537305709288354E-4	1.8500085630045516E-4	1.2236201735318607E-4	1.3001837444124315E-4	0.998393756651827	1.8302545502048035E-4
87	server	5.226543849177765E-4	2.9343689112983475E-4	3.39806781011536E-4	6.324425073741223E-4	0.001000766730083924	0.8492619672683621	3.4618392091888614E-4	0.14670208079438932	3.828491409192234E-4	5.178115808933525E-4
88	user	5.5517553800469435E-5	3.1169543125340776E-5	3.609505973921973E-5	6.717950129581397E-5	1.063037494421764E-4	5.5596791148447794E-5	0.0031455644347480895	3.907335649047314E-5	0.9917453088994613	0.004718191110748522
89	core	3.1794131068521906E-4	1.7850363923358796E-4	2.0671138796918252E-4	3.847276623522606E-4	0.16084136123658402	0.7213649800965972	2.105907320999792E-4	0.1159472936677187	2.3289493242789394E-4	3.149953343319177E-4
90	naco	7.91348889962903E-5	4.4429160984900396E-5	5.145000725434461E-5	9.575786420592304E-5	0.06662074797192757	0.5805771224665776	5.2415567428036367E-5	0.34569565116845524	0.0067048892621720405	7.840164199796295E-5
91	api	8.185531868270263E-5	4.59565076460094E-5	5.321871040002553E-5	9.904974392923251E-5	1.567347026677163E-4	8.197214656733262E-5	5.421746375303231E-5	0.9763678578314854	5.9959773306545704E-5	0.02299917780156193
92	catalog	3.635869454536085E-5	2.041307334407689E-5	2.363881622687319E-5	4.399615617256393E-5	6.961880144946126E-5	3.641058743931082E-5	2.408244492043299E-5	0.9996828265453185	2.6633077944664558E-5	3.60218026386857E-5
93	cluster	1.7917663334898122E-4	1.0059617936871741E-4	1.1649272782888825E-4	2.1681425149797735E-4	3.430833427185646E-4	1.794323629385321E-4	1.1867894206905805E-4	0.998436960608512	1.312485308264425E-4	1.7751642089098814E-4
94	distro	1.3933423948129581E-4	7.822723245259569E-5	9.05889642737392E-5	1.6860261450687004E-4	2.667940330326771E-4	0.2459100291849676	0.48383104323461573	0.26537415470200587	0.004003182596518864	1.3804319814466525E-4
95	health	1.1931874479412882E-4	6.698981685844165E-5	7.757577426468628E-5	0.033551578392024946	2.284688189961786E-4	0.053571002165234215	7.903163563518118E-5	0.9121004194121537	8.740207727747043E-5	1.1821316276104374E-4
96	instance	1.67499251791388E-5	9.404007912412445E-6	1.0890061045221403E-5	2.0268393386367602E-5	3.207237580779931E-5	1.6773831485508152E-5	1.1094434373729533E-5	0.9895365628518973	1.2269474150309478E-5	0.010333914644762252
97	operator	5.042302607944157E-5	0.005675341208933604	3.278282298083329E-5	6.10148234919901E-5	9.654886362122027E-5	0.3176960402749717	0.007092187952044853	0.6692087698807336	3.693533006539064E-5	4.995581707734055E-5
98	raft	3.410219467633454E-5	1.9146193498600948E-5	2.2171739743878774E-5	4.126565878033238E-5	6.529810681735648E-5	0.010536981438308259	0.7199438833611821	0.2692783849249272	2.498017105003099E-5	3.378621101603057E-5
99	service	2.3789786876075565E-5	1.3356438409399684E-5	1.546706797567857E-5	2.878703957332758E-5	0.0020437714517924036	2.3823740814820877E-5	6.818304407743861E-4	0.9971281784404477	1.7426237550058616E-5	2.3569355786337797E-5
100	test	0.0016739451824819656	9.398127796183065E-4	0.001088325173314007	0.0020255720012418467	0.987424520123437	0.0016763343183109273	0.0011087497271567949	0.0011781256986880227	0.0012261802322005085	0.001658434763550602
101	test	0.0016739451824819656	9.398127796183065E-4	0.001088325173314007	0.09576074228283457	0.8936893498418442	0.0016763343183109273	0.0011087497271567949	0.0011781256986880227	0.0012261802322005085	0.001658434763550602
102	web	9.079681988861697E-4	5.09765866726303E-4	5.903207929134464E-4	0.026520242295086736	0.967757359533088	9.092640951784848E-4	6.013993189964768E-4	6.390296886026009E-4	6.650950512550106E-4	8.995551592666768E-4
103	test	9.566049553936509E-4	5.370722838080984E-4	6.219422623673935E-4	0.0011575481886578808	0.9928135243063713	9.579702684260077E-4	6.336142272693421E-4	6.732603273008983E-4	7.007219224404806E-4	9.477412579648174E-4
104	test	0.0012604315135528864	7.076513954383387E-4	8.194768620821668E-4	0.0015251961713286964	0.9905310333334999	0.0012622304625988265	8.348559507065249E-4	8.87094017828684E-4	9.23277668907636E-4	0.001248752624056331
105	test	0.003825382414669503	0.00214770669784001	0.0024870945733507584	0.004628937431337274	0.9712618907242189	0.0038308421861614327	0.0025337697750929234	0.0026923111803154516	0.002802127779668632	0.003789937237345225
106	test	0.13273490114845796	0.001307484675797725	0.0015140978259211252	0.002818012702938836	0.8520986850036935	0.0023321468703538257	0.0015425128376538835	0.0016390299542677902	0.001705884297529329	0.0023072446833860842
107	app	2.084578409728338E-4	0.4553609860733409	0.18106581804452732	0.011925168037245876	3.9915033316626066E-4	2.0875536212341164E-4	1.38073562217629E-4	1.46713011939244E-4	1.5269728454852784E-4	0.350394180449918
108	auth	1.70617378038533E-4	9.579070687836497E-5	0.004887920921707188	2.0645704978685664E-4	3.2669427530389387E-4	1.708608914433812E-4	0.0669909122646207	1.2008082451775914E-4	0.9173076431271238	0.009723022560579626
109	authority	7.826782211858141E-5	0.9993060914563967	5.088627869272099E-5	9.470866235088546E-5	1.4986544583324486E-4	7.837952975395395E-5	5.18412593956425E-5	5.508503718235531E-5	5.733189909892656E-5	7.754260917695767E-5
110	cluster	1.377224247831803E-4	0.33940452563258494	8.954103359534285E-5	0.5245814210077465	0.007975689660782482	0.1273856202379011	9.122144649642281E-5	9.692929590568658E-5	1.0088294202649402E-4	1.3644631817766824E-4
111	cluster	5.999374776699224E-5	0.5291460244915501	3.900528321928612E-5	0.20835808925972427	1.1487466385209404E-4	0.2620966677199109	3.9737293767971316E-5	4.222371003816442E-5	4.3945971670611634E-5	5.943785849960959E-5
112	flow	5.173776779651631E-5	0.9995413021835899	3.363760993686548E-5	6.260573819985564E-5	9.906630116134309E-5	5.181161045041367E-5	3.42688855814471E-5	3.6413136147895426E-5	3.7898390457569145E-5	5.125837667815977E-5
113	gateway	5.265302596524344E-5	0.9892138286936419	3.423267034597045E-5	6.371325434786518E-5	1.00818816688107E-4	0.010372087149276628	3.487511346481757E-5	3.7057296530682144E-5	3.856882547873826E-5	5.2165154259962144E-5
114	gateway	2.9195952411578522E-5	0.9997411538960886	1.8981917867397685E-5	3.532881743881118E-5	5.5903745706099636E-5	2.9237622292227627E-5	1.93381507406496E-5	2.0548165013834787E-5	2.1386303495473058E-5	2.8925428945372594E-5
115	param	5.508940008746263E-5	0.9917995450952504	3.5816693118383154E-5	0.0046938866788910965	0.003190300776275217	5.516802635367634E-5	3.648886352756284E-5	3.877202111966123E-5	4.03534919171461E-5	5.4578953459355534E-5
116	resource	1.9271131240871511E-4	0.20514043239911217	1.2529237795338868E-4	2.3319200821074037E-4	0.16763214024761355	0.010984156747041918	0.027105569704097728	0.345453082982334	0.24294249653072567	1.9092569050212425E-4
117	system	6.091462432498298E-5	0.9943434277729074	3.960399645677105E-5	7.371027366374368E-5	0.005233151975701789	6.100156463402392E-5	4.034724303220197E-5	4.287182465365002E-5	4.4620522213557664E-5	6.035020241187933E-5
118	flow	0.005702624733790721	0.9787415450389245	4.362140832168726E-5	8.118741118712907E-5	1.2846963806254535E-4	0.015095272088195688	4.444004950063891E-5	4.7220723563945066E-5	4.914680823005022E-5	6.647210022298084E-5
119	version	6.696416288122362E-4	0.8253237552307267	4.353713905103954E-4	8.103057067716519E-4	0.1700215361511797	6.705973738537719E-4	4.43541987520489E-4	4.7129501017785025E-4	4.905186481021225E-4	6.634368723450272E-4
120	demo	0.0010401835800073055	5.839963171258262E-4	6.762813901177624E-4	0.0012586832339935396	0.9921856415519423	0.0010416681805101777	6.889731351991291E-4	7.320831170486184E-4	7.619440331811793E-4	0.0010305454608739671
121	apache	1.4923110021152833E-4	8.378368453341242E-5	9.702346570318547E-5	1.8057839734918836E-4	0.8568196263355958	1.4944409008242848E-4	0.1421581222944475	1.0502912284260737E-4	1.0931315255951076E-4	1.478483566748271E-4
122	cluster	0.22008947193987205	0.0010935720187004083	0.0012663819673391123	0.002356968228630293	0.7672254342192244	0.0019505930800776965	0.0012901481057246574	0.001370874419392705	0.0014267909746477829	0.0019297650463909895
123	ok	4.1368823254532685E-4	2.322593904463157E-4	2.6896180477983404E-4	5.005870621429791E-4	0.9968921753842434	4.142786684740163E-4	2.740093999270191E-4	2.911545390535674E-4	3.0303043274627174E-4	4.0985508564129287E-4
124	baz	7.708031389470805E-4	4.3275648936023394E-4	5.01142133305551E-4	9.327170764370931E-4	0.994209356755489	7.719032666069388E-4	5.105470471452455E-4	5.4249266709947E-4	5.646203840998208E-4	7.636610415093659E-4
125	foo	5.466525812135764E-4	3.0691033805187835E-4	3.554093475807261E-4	6.614817345876465E-4	0.9958932833604923	5.474327903156662E-4	3.6207930021426514E-4	3.8473509223698507E-4	4.004280402848209E-4	5.415874150221947E-4
126	web	7.095513676135141E-4	3.9836755113455564E-4	4.613189387648828E-4	8.585988350883641E-4	0.9946695094688934	7.105640737717533E-4	4.699764923477057E-4	4.993835577609899E-4	5.19752898603596E-4	7.029768160211556E-4
127	spring	3.786063867329367E-4	0.3500233689843846	2.4615313916550707E-4	4.5813596794161535E-4	0.15972985862575462	3.791467521481747E-4	0.48786583531347333	2.6646387143701726E-4	2.773326582346369E-4	3.7509830072762876E-4
