0	file	8.936060412157089E-4	0.0023760821933032773	8.726661459322555E-4	0.9878507655833985	4.032753483670681E-4	0.0017683297818200973	0.0014879678132166587	0.0020539971642610376	8.18527125977714E-4	0.0014747828025077037
1	search	8.05299734579009E-4	0.0021412773317891504	7.864291234415371E-4	8.495909412712359E-4	3.6342360729840187E-4	0.24864402415343903	0.7424922496692622	0.0018510208021368657	7.376401309897329E-4	0.0013290445057929662
2	index	4.2622397710136584E-4	0.0011333217946598365	4.1623625876000643E-4	4.4966614832826746E-4	1.9235056044843683E-4	8.434416484122834E-4	0.994465221125206	9.796966447487762E-4	3.9041352778338735E-4	7.034283145516424E-4
3	search	4.760182692069582E-4	0.0012657239107414127	4.6486371983009433E-4	5.021991092661486E-4	2.1482221973607472E-4	0.08856191753818536	0.9061986723236156	0.0010941512590462905	4.360242073529167E-4	7.856074430191121E-4
4	sy	6.457635618268849E-4	0.1602033274551851	6.30631366274437E-4	6.812803342322992E-4	2.914265496730593E-4	0.0012778818469480935	0.8331281115205729	0.0014843191111051897	5.915078546293068E-4	0.0010657503995527692
5	sy	0.16588956190467793	0.0014331544526159153	5.263561067941348E-4	5.68630238740562E-4	2.432390019046488E-4	0.0010665833478536288	0.8276503592081438	0.0012388860915323746	4.937016903236986E-4	8.895279574133486E-4
6	sy	8.05299734579009E-4	0.4468320711904958	7.864291234415371E-4	8.495909412712359E-4	3.6342360729840187E-4	0.0015935831208241922	0.5448518968431703	0.0018510208021368657	7.376401309897329E-4	0.0013290445057929662
7	sy	0.047851062711739084	0.7082956498921652	7.494011466819142E-4	8.095890737273312E-4	3.463122866671741E-4	0.0015185513639836257	0.23669618807318848	0.0017638679320305776	7.029093195114835E-4	0.0012664682003051331
8	sy	5.055490542314227E-4	0.06338132904168145	4.93702509145567E-4	5.333540772465233E-4	2.2814916367894716E-4	0.0010004156278444515	0.5281570116764088	0.0011620292118588438	4.630738774301871E-4	0.40407538576047386
9	sy	4.3766967846680093E-4	0.001163755706193468	4.274137526861635E-4	4.6174135930750996E-4	1.9751588945535775E-4	8.660911982863896E-4	7.287757292839077E-4	0.13527462892817407	4.0089758519945323E-4	0.8600415101729468
10	sy	2.137794610511936E-4	5.684356945558026E-4	2.087699609787959E-4	0.2100924789432653	9.647650379786691E-5	4.23041665210745E-4	3.5597001642717683E-4	4.913825405421683E-4	1.958181567452703E-4	0.7873538470574255
11	account	0.0010695268029420433	0.002843852295664738	0.0010444645515432225	0.0011283504069467645	4.826666049141599E-4	0.002116454019854496	0.0017808982759172291	0.0024583596339114726	9.79667392330174E-4	0.9860957600159758
12	account	0.0010036643011839597	0.002668725102678347	9.801454076255182E-4	0.0010588654903866204	4.5294352548568695E-4	0.0019861207208477544	0.0016712288263008993	0.00230697145433046	9.193385205597864E-4	0.9869519966506008
13	client	7.328767271163551E-4	0.001948705873584401	7.157032063323878E-4	7.731846934633234E-4	3.307398381459926E-4	0.0014502674368669084	0.9904831477228062	0.0016845529795232554	6.713019535167821E-4	0.0012095195686444868
14	access	4.0503924154358E-4	0.0010769919685317444	3.9554794570131674E-4	4.273162596467189E-4	1.8279010403018394E-4	8.015198203594526E-4	0.44800408608348097	0.5476672342768296	3.710086895091053E-4	6.684656103673785E-4
15	app	3.7693674488215257E-4	0.0010022679415838738	3.6810397562783996E-4	3.976681353950258E-4	1.701077321477116E-4	7.459086455264187E-4	6.27647663662015E-4	0.9953440058314311	3.45267305986471E-4	6.220860237573559E-4
16	app	1.659048024787739E-4	4.411378490872967E-4	1.6201715061576577E-4	0.030712867431050585	7.487115566539325E-5	3.283039612971668E-4	2.7625261553809564E-4	0.9674128744897992	1.5196582710441943E-4	2.738047173632201E-4
17	cluster	2.2561684010775318E-4	5.999110699386809E-4	2.2032995440181868E-4	2.3802568822898546E-4	1.0181859297655316E-4	4.46466294139988E-4	3.7568075943540793E-4	0.9833701581821803	2.066609839100159E-4	0.014215331634680318
18	item	1.2809212304899006E-4	3.4059462295605523E-4	1.250905367575276E-4	0.023712854211491448	5.780667672678524E-5	2.534776014897333E-4	0.008072528712797284	0.966980825712112	1.1733009011111238E-4	2.1139971250905002E-4
19	item	3.119958986551033E-4	8.295914138735042E-4	3.046848900614094E-4	0.07690061938499687	1.4080058651803732E-4	6.173991825827031E-4	5.195128878301044E-4	0.8430032398419443	2.8578265417226513E-4	0.07708637325936583
20	namespace	3.0613558616509744E-4	8.140089496639383E-4	2.9896190243740615E-4	3.2297293745240757E-4	1.3815588689432864E-4	0.996120689953446	5.097547215260168E-4	7.036676083870759E-4	2.804147129112035E-4	5.052377411165204E-4
21	namespace	2.798527917746941E-4	7.441234779225786E-4	2.732949935008912E-4	2.952445984668564E-4	1.2629472820136566E-4	5.537921672367388E-4	4.659905231091093E-4	0.9965432052346925	2.5634014407125653E-4	4.618613410240594E-4
22	release	1.2709326668800197E-4	3.3793868207881745E-4	1.241150866255013E-4	1.3408335236959155E-4	5.7355902975974296E-5	0.9983894907727382	2.1162646780121554E-4	2.921300856680453E-4	1.1641515557764411E-4	2.0975122747714876E-4
23	release	1.1144981855267002E-4	2.963430383143041E-4	1.0883821184656734E-4	1.1757952000092399E-4	5.029617340224E-5	0.7866056504898575	0.04805249762105715	0.16437132537819094	1.0208603731746016E-4	1.8393371146022234E-4
24	release	1.1144981855267002E-4	2.963430383143041E-4	1.0883821184656734E-4	1.1757952000092399E-4	5.029617340224E-5	0.9985877224983417	1.855781352704384E-4	2.5617285549363534E-4	1.0208603731746016E-4	1.8393371146022234E-4
25	cluster	1.1789951766039966E-4	0.18115999357498025	1.1513677497524529E-4	1.243839503273749E-4	5.320685723221266E-5	2.3330776508345322E-4	1.963177053209919E-4	0.8176971818910005	1.0799384616227146E-4	1.945781172573099E-4
26	item	1.0171249129010549E-4	0.13756555423373884	9.932905964528757E-5	1.0730664310895153E-4	4.5901816311018245E-5	2.012757515456342E-4	1.693642458323794E-4	0.8614485254438611	9.316681997635064E-5	1.6786349469033248E-4
27	namespace	1.78633311045817E-4	4.7498272161335277E-4	1.7444739168660233E-4	1.8845808132937267E-4	8.061540255923047E-5	0.9319748728470691	2.97447202620616E-4	0.06617210663175081	1.6362491293735586E-4	2.948114973875684E-4
28	namespace	8.305333711800317E-5	0.061370829593153015	8.110714595324073E-5	8.76212419152098E-5	3.748112917158005E-5	0.11736850359331462	1.3829437885591665E-4	0.8206199652710334	7.607536900888879E-5	1.3706894047612957E-4
29	release	1.3013768946351986E-4	0.008330780840692125	1.2708816935722182E-4	1.3729521734410566E-4	5.872982011478786E-5	0.9903661651522374	2.1669581927250984E-4	2.991278402257676E-4	1.1920379230319217E-4	2.147756589892593E-4
30	release	1.2910680428321873E-4	3.432926418831092E-4	1.260814409380986E-4	1.362076338356714E-4	5.826459208248091E-5	0.9983639754880889	2.149792642173053E-4	2.967583002502583E-4	1.1825951994498727E-4	2.130743144759659E-4
31	release	1.232489098407902E-4	3.2771660721802486E-4	1.2036081469949631E-4	1.3002755722629297E-4	5.5620983699133346E-5	0.9984382059591258	2.0522512427024743E-4	2.8329364354659546E-4	1.1289379357219028E-4	2.034066068015125E-4
32	release	1.0566918065274543E-4	0.006764426118694029	1.031930317957541E-4	1.1148094901714916E-4	4.768743011341388E-5	0.9921775202932869	1.7595263730128152E-4	2.4288577672913666E-4	9.679107655364751E-5	1.7439350585604478E-4
33	access	2.7512864346017915E-4	0.4733948932556137	2.6868154628557076E-4	2.9026062363004374E-4	1.24162767953333E-4	5.444436940024632E-4	0.5237639551884814	6.323966349929592E-4	2.5201290884205893E-4	4.5406473673827814E-4
34	app	2.195387005083655E-4	0.8087866649989236	2.1439424401716218E-4	2.3161325305524072E-4	9.907559018638397E-5	0.1890151187534716	3.655598832651636E-4	5.046204339400664E-4	2.010935169188464E-4	3.6232062571348587E-4
35	app	3.310050548408127E-4	0.9554122788552339	3.232486041601181E-4	3.492102182981067E-4	1.4937922601842256E-4	0.020964210342894345	0.020860360072738823	7.608312977317712E-4	3.031947007143658E-4	5.46281627369294E-4
36	cluster	2.847420081831068E-4	0.31522922464140074	2.7806964076486183E-4	3.00402720085602E-4	1.2850118200696237E-4	5.634672886951809E-4	4.7413169081839595E-4	0.6820107118801813	2.608185787174868E-4	4.6993036914640276E-4
37	configs	9.63034921753026E-5	2.5606923225289784E-4	9.404680975758052E-5	0.30735977944760057	4.346078983880268E-5	0.44926021871230537	1.6035757374946176E-4	0.24248261503713475	8.821227368228986E-5	1.589366315030176E-4
38	consumer	2.320411212222978E-4	0.8690830788041672	2.2660369515785475E-4	0.1283791438138836	1.0471780592385079E-4	4.591791083977996E-4	3.8637800529163935E-4	5.333578590562608E-4	2.1254551032839965E-4	3.829542765710147E-4
39	consumer	1.0365309061387828E-4	0.8842814421774615	1.0122418485098965E-4	0.08914591244202527	4.677758911496067E-5	2.0511594445003626E-4	1.7259559074159193E-4	0.025677268400173682	9.494437419364426E-5	1.710662063745156E-4
40	favorite	0.0010695268029420433	0.002843852295664738	0.0010444645515432225	0.0011283504069467645	4.826666049141599E-4	0.002116454019854496	0.9861115407086971	0.0024583596339114726	9.79667392330174E-4	0.0017651175831959484
41	item	1.6761096126848831E-4	0.3089645535543089	1.6368332893898182E-4	1.7682950612906296E-4	7.564112783272054E-5	3.3168022696817954E-4	2.7909358711420307E-4	0.6894107585546012	1.5352863799220914E-4	2.76620514845962E-4
42	item	2.031222972245156E-4	0.10024250932285243	1.983625267692606E-4	0.0251398966614904	9.166703378917988E-5	0.6609304242960355	3.382244820161736E-4	0.2123345095484285	1.8605638558909397E-4	3.3522744580490396E-4
43	item	2.798527917746941E-4	0.4986940984348662	2.732949935008912E-4	2.952445984668564E-4	1.2629472820136566E-4	0.4985037671241803	4.659905231091093E-4	6.432553208052902E-4	2.5634014407125653E-4	4.618613410240594E-4
44	namespace	3.1808495633654755E-4	8.457821073822378E-4	3.1063126268440116E-4	3.35579518847679E-4	1.4354851652796755E-4	0.995969269099906	5.296519439968271E-4	7.311338197988441E-4	2.913601219310154E-4	5.249586525885135E-4
45	namespace	1.2051488100479156E-4	3.204468743228039E-4	1.1769085243745442E-4	1.271431577505461E-4	5.438714419891805E-5	0.9984728512143995	2.006726182208952E-4	2.7700934463058854E-4	1.10389472134943E-4	1.9889444089962863E-4
46	namespace	1.2418802942141275E-4	0.4575121466782359	1.2127792786479727E-4	1.3101832805882587E-4	5.604479884648694E-5	0.5412443725896653	2.0678887792037584E-4	2.8545225580583724E-4	1.1375401028494951E-4	2.04956503896116E-4
47	namespace	1.3784213136853823E-4	0.0849411392914098	1.346120728602291E-4	1.4542340088743687E-4	6.220675665048224E-5	0.19479439661590078	2.2952469580726198E-4	0.7192011032542959	1.2626092307325447E-4	2.274908577461777E-4
48	namespace	2.7512864346017915E-4	0.23706322765459134	2.6868154628557076E-4	2.9026062363004374E-4	1.24162767953333E-4	5.444436940024632E-4	4.581242147890616E-4	0.7433890599524918	2.5201290884205893E-4	0.01733489799395416
49	permission	4.4974706228722623E-4	0.9946067426245288	4.3920812683472736E-4	4.7448299505814534E-4	2.0296629035116938E-4	8.899907653339392E-4	7.488861107761903E-4	0.0010337656058322263	4.1196025242853045E-4	7.422501665691539E-4
50	permission	1.2910680428321873E-4	0.9984517826066881	1.260814409380986E-4	1.362076338356714E-4	5.826459208248091E-5	2.554855232838826E-4	2.149792642173053E-4	2.967583002502583E-4	1.1825951994498727E-4	2.130743144759659E-4
51	permission	1.5635529704029417E-4	0.988531666853433	0.00974604987497962	1.6495478426383896E-4	7.056156065952589E-5	3.094067357977251E-4	2.6035147334654986E-4	3.593902927301637E-4	1.4321865118959085E-4	2.580444765596062E-4
52	permission	1.659048024787739E-4	0.9980105099629903	1.6201715061576577E-4	1.7502950919640604E-4	7.487115566539325E-5	3.283039612971668E-4	2.7625261553809564E-4	3.8134029775032665E-4	1.5196582710441943E-4	2.738047173632201E-4
53	permission	3.1808495633654755E-4	0.9961856025738909	3.1063126268440116E-4	3.35579518847679E-4	1.4354851652796755E-4	6.294486333973705E-4	5.296519439968271E-4	7.311338197988441E-4	2.913601219310154E-4	5.249586525885135E-4
54	permission	2.031222972245156E-4	0.9975642068187002	1.983625267692606E-4	2.1429395327240207E-4	9.166703378917988E-5	4.0195252825861303E-4	3.382244820161736E-4	4.668865285755504E-4	1.8605638558909397E-4	3.3522744580490396E-4
55	release	1.3443128883492713E-4	3.574503493608038E-4	1.3128115669482497E-4	1.418249631949502E-4	6.066747798905342E-5	0.9982965043173148	2.238452087941045E-4	3.0899688824758445E-4	1.2313665241322062E-4	2.2186169715569196E-4
56	release	1.2709326668800197E-4	3.3793868207881745E-4	1.241150866255013E-4	1.3408335236959155E-4	5.7355902975974296E-5	0.9983894907727382	2.1162646780121554E-4	2.921300856680453E-4	1.1641515557764411E-4	2.0975122747714876E-4
57	server	1.78633311045817E-4	0.1648787558088708	1.7444739168660233E-4	1.8845808132937267E-4	8.061540255923047E-5	0.022273995097577975	0.7565548034040049	0.05521185509260032	1.6362491293735586E-4	2.948114973875684E-4
58	user	3.119958986551033E-4	0.5176869721981696	3.046848900614094E-4	3.291555651011432E-4	1.4080058651803732E-4	6.173991825827031E-4	0.19194817243756943	7.171378230912867E-4	2.8578265417226513E-4	0.28765789876407905
59	capacity	0.9990777451479658	1.7964294384581304E-4	6.597764837078627E-5	7.127662329810192E-5	3.048950535687935E-5	1.3369401470694E-4	1.124973366104173E-4	1.552918069411702E-4	6.188448486450193E-5	1.1150048803966043E-4
60	config	4.155194861345963E-5	1.1048587480807041E-4	4.057826064285732E-5	0.9994350705558294	1.8751973218115784E-5	8.22258857223886E-5	6.918928393674069E-5	9.550918490373571E-5	3.806084058146906E-5	6.857619174378611E-5
61	config	1.847066035534819E-4	4.911314958120507E-4	0.022846149092243362	1.948654028230275E-4	8.335621790603772E-5	3.6551027286935725E-4	0.3856256623103565	4.245571565328739E-4	0.06816650011112471	0.5216175613367785
62	config	3.3867357168394286E-5	9.005268607247316E-5	3.307374244342142E-5	0.9995395482546763	1.52839949937841E-5	6.701908173196129E-5	5.639346094474153E-5	7.784577585247719E-5	3.102189247712886E-5	5.589375363933681E-5
63	config	3.972877852813368E-5	1.0563809874647091E-4	3.879781295298285E-5	0.9897094389339137	1.7929195039163477E-5	7.861806996185579E-5	0.004941362956841917	0.0049665280225317954	3.639084944300253E-5	6.556728204099665E-5
64	config	5.77159657778393E-4	0.0015346570214258585	5.636350594226439E-4	0.10684578017665418	2.6046630317913696E-4	0.001142123670433268	0.21343479817658392	0.0013266296843628031	0.6733622218446504	9.525284055094439E-4
65	config	0.48416523149270896	4.280656496581237E-4	1.5721611051417944E-4	0.5039293610295339	7.265250523588318E-5	3.185753586294443E-4	2.6806644586207216E-4	3.7004007394752614E-4	1.474626369962973E-4	0.010143328696913508
66	namespace	1.72946693262745E-4	4.5986210846698595E-4	1.6889402857662162E-4	0.39280213443435064	0.0531347620264629	3.4223894452163086E-4	2.8797826011462633E-4	0.2762924336996249	1.584160729163336E-4	0.2761803337317025
67	permission	3.858606940995032E-4	0.2377752479534483	3.768188096943217E-4	4.070828987308031E-4	1.7413501997193119E-4	7.635679768700415E-4	6.425071751130936E-4	8.869196658540256E-4	3.534414836087615E-4	0.7582344183226092
68	role	4.4974706228722623E-4	0.27714333407616665	4.3920812683472736E-4	4.7448299505814534E-4	2.0296629035116938E-4	8.899907653339392E-4	7.488861107761903E-4	0.0010337656058322263	4.1196025242853045E-4	0.7182056587149311
69	user	2.8980509807317205E-4	7.705864791640902E-4	2.8301408712834084E-4	3.0574427816731453E-4	1.3078610315236114E-4	5.734864830914657E-4	4.8256238000844503E-4	6.66131183290643E-4	2.654562783581963E-4	0.996232427629566
70	user	9.042607554705528E-5	2.4044128845117065E-4	8.830711879708417E-5	9.53994784061973E-5	4.0808371290881646E-5	1.789414071389124E-4	1.5057092687787316E-4	2.078487545767062E-4	0.027823806198909954	0.9710834503800043
71	core	0.6765656130370379	0.0022525773787659964	8.273064059324825E-4	8.937512703751648E-4	3.823137641054184E-4	0.0016764149304062997	0.0014106257122882037	0.0019472337957432628	0.31264603766876087	0.0013981260365844397
72	naco	0.9071373266175526	7.705864791640902E-4	2.8301408712834084E-4	3.0574427816731453E-4	1.3078610315236114E-4	5.734864830914657E-4	0.08938918213682015	6.66131183290643E-4	2.654562783581963E-4	4.7828635327477827E-4
73	naco	0.9918321003575922	0.0015909979042807983	5.843274332967515E-4	6.312575148446898E-4	2.700286361761479E-4	0.0011840537271321572	9.963265071962193E-4	0.0013753333924845863	5.480765546317567E-4	9.87497972364811E-4
74	naco	0.9770814613890814	0.011090698839998732	8.638988686848688E-5	9.332826457357107E-5	3.9922382556805605E-5	1.7505641820723665E-4	1.4730188818132045E-4	2.0333615951051093E-4	0.005508769256701357	0.005573735514320601
75	instance	3.2441641868818455E-4	8.626173504954422E-4	3.168143597021892E-4	3.422592094373732E-4	1.4640584130842194E-4	6.419777714318902E-4	5.401946347971399E-4	0.17989015777153589	2.9715962802530165E-4	0.8166379970145782
76	raft	4.2622397710136584E-4	0.0011333217946598365	4.1623625876000643E-4	4.4966614832826746E-4	1.9235056044843683E-4	8.434416484122834E-4	7.097171794913304E-4	9.796966447487762E-4	0.9941459174734981	7.034283145516424E-4
77	raft	2.7512864346017915E-4	7.315620535689881E-4	2.6868154628557076E-4	2.9026062363004374E-4	1.24162767953333E-4	5.444436940024632E-4	4.581242147890616E-4	6.323966349929592E-4	0.9962211750845792	4.5406473673827814E-4
78	raft	1.3118516986737914E-4	3.488189781296497E-4	1.281111041235668E-4	1.3840030880765024E-4	5.92025374032692E-5	2.5959833764554563E-4	2.1844000748748362E-4	3.0153552513378245E-4	0.9981982036395991	2.1650439180251763E-4
79	raft	1.0705738383353944E-4	2.846636343711812E-4	1.0454870517270029E-4	1.129455028924377E-4	4.831391213739098E-5	2.118525966308846E-4	1.7826417231330577E-4	2.4607662959410826E-4	0.9985295929048968	1.7668455815761188E-4
80	service	1.3013768946351986E-4	3.4603374680773727E-4	1.2708816935722182E-4	0.05603052487453482	5.872982011478786E-5	2.5752551057345313E-4	2.1669581927250984E-4	0.1041008400607228	1.1920379230319217E-4	0.8386132205168499
81	service	0.10903189963070414	2.6226800058737945E-4	9.632343776616747E-5	1.040596256152296E-4	4.45128622235797E-5	1.95185300224115E-4	1.642394124288184E-4	2.2671679077480945E-4	0.8897120108667997	1.6278407287612665E-4
82	test	0.00225152323752755	0.005986759294084002	0.0021987632307152102	0.0023753562363522888	0.0010160896145411042	0.004455470768710803	0.0037490728057216123	0.9721887579105533	0.0020623549525003665	0.00371585194929379
83	auth	1.232489098407902E-4	3.2771660721802486E-4	1.2036081469949631E-4	1.3002755722629297E-4	5.5620983699133346E-5	2.4389351436324876E-4	2.0522512427024743E-4	2.8329364354659546E-4	0.06060951879022447	0.9379010940549117
84	auth	0.0011446404474053109	0.0030435781086644745	0.0011178180558811172	0.0012075952758591104	5.165646312713163E-4	0.0022650941234338535	0.0019059720557930775	0.00263101201718651	0.001048470145096467	0.9851192551394088
85	auth	5.574201330847331E-4	0.03568332113518952	0.1373489626936322	5.880780474844829E-4	2.5155805577449075E-4	0.0011030617261481958	9.281754802604489E-4	0.0012812574220071474	5.105868564577254E-4	0.821747578449961
86	authority	1.8682385690666208E-4	0.023422344969943703	0.9745197547889096	1.9709910437786332E-4	8.431171288279892E-5	3.697000410528774E-4	3.110855041220609E-4	4.294237668542834E-4	1.7112730622304302E-4	3.0832894872696593E-4
87	cluster	0.7480675390514687	0.012385469271268502	1.8894346717502483E-4	2.0411840474803266E-4	8.731431017676363E-5	3.8286618730810885E-4	3.221642079098369E-4	0.23786505394514448	1.7722167163230763E-4	3.193094831680762E-4
88	cluster	0.7075273667513649	5.025215336781117E-4	1.8456159945931237E-4	1.9938460864848506E-4	8.528936714695859E-5	3.739869759191846E-4	3.146927617523971E-4	0.2903271805108676	1.731116490257528E-4	3.1190424213733487E-4
89	cluster	0.7289884927118546	6.445215650118315E-4	2.3671409671530274E-4	2.557257179902429E-4	1.0939001158831494E-4	4.7966635230376804E-4	4.036170745122139E-4	0.2682598032047724	2.2202867633394895E-4	4.0004058891723567E-4
90	cluster	0.5932944224833415	3.134926708091689E-4	1.1513677497524529E-4	1.243839503273749E-4	5.320685723221266E-5	0.01470102783741714	0.35465545947749627	0.0364402979849815	1.0799384616227146E-4	1.945781172573099E-4
91	flow	1.6259461056908998E-4	4.323361090696082E-4	0.987800474707962	1.7153725787732792E-4	7.337729961029817E-5	3.217535233329488E-4	0.010246919413327817	3.7373165984720696E-4	1.4893375061287946E-4	2.683416677907704E-4
92	gateway	5.713909448355705E-5	1.5193181187444588E-4	0.5750126797691076	6.0281724904639856E-5	0.4067026035839536	1.1307081400663446E-4	9.514386602871571E-5	1.3133700156950828E-4	5.233838697527913E-5	0.017623473947095857
93	gateway	7.715574556104598E-5	2.05155722637271E-4	0.5113451014264208	8.139928486374258E-5	0.4876346772760727	1.5268115525328763E-4	1.2847413815979058E-4	1.773462524640424E-4	7.067328079030509E-5	1.2733571777702796E-4
94	gateway	2.847420081831068E-4	7.571238153323738E-4	0.9961063889233147	3.00402720085602E-4	1.2850118200696237E-4	5.634672886951809E-4	4.7413169081839595E-4	6.544934236998005E-4	2.608185787174868E-4	4.6993036914640276E-4
95	gateway	2.96203870866909E-5	7.876006995172869E-5	0.1981247413833052	3.124949812501285E-5	0.8014835917417722	5.861488197100404E-5	4.9321715126336394E-5	6.808390753223551E-5	2.713174396116682E-5	4.888467116856492E-5
96	gateway	3.4294940418625236E-5	9.118962214963568E-5	0.174682537548053	3.618115027236748E-5	0.8248639845112262	6.786521320457554E-5	5.710544148702687E-5	7.882859685295417E-5	3.141355107474936E-5	5.6599425260830176E-5
97	gateway	2.618670418529396E-4	6.962996963553156E-4	0.9964191851378609	2.7626963852417027E-4	1.1817794157415032E-4	5.18200714439779E-4	4.3604195993273906E-4	6.019141954855317E-4	2.398655193339626E-4	4.321781546405814E-4
98	param	1.3784213136853823E-4	3.6651971755492324E-4	0.9981151230443478	1.4542340088743687E-4	6.220675665048224E-5	2.727715960345719E-4	2.2952469580726198E-4	3.168368765294978E-4	1.2626092307325447E-4	2.274908577461777E-4
99	flow	1.78633311045817E-4	4.7498272161335277E-4	0.9975573374543818	1.8845808132937267E-4	8.061540255923047E-5	3.534920192769822E-4	2.97447202620616E-4	4.105973968478335E-4	1.6362491293735586E-4	2.948114973875684E-4
100	baz	8.05299734579009E-4	0.0021412773317891504	7.864291234415371E-4	8.495909412712359E-4	3.6342360729840187E-4	0.0015935831208241922	0.05075101477794062	0.9406426967260733	7.376401309897329E-4	0.0013290445057929662
