0	aliyun	0.9985211686687802	1.6079777725036166E-4	8.883247114302607E-5	4.260217081573066E-4	3.385760578687852E-5	3.3149546099965545E-4	4.251130511038734E-5	9.219162166039288E-5	1.0137953140629534E-4	2.017438497055089E-4
1	asyc	6.539344259059611E-4	0.0017985923671241637	9.936294349508173E-4	0.004765236221691655	3.7871189750691433E-4	0.1823996831688975	4.755072501343121E-4	0.0010312029797091514	0.8052469104379526	0.0022565918161269647
2	fastdf	0.9985888020384527	1.5344379760325153E-4	8.476977701901982E-5	4.0653788801632345E-4	3.2309150652023576E-5	3.1633473605067065E-4	4.056707877903005E-5	8.797529901639885E-5	9.674300580659971E-5	1.9251722860393755E-4
3	qiniu	0.9543220812102855	1.1234105041709139E-4	6.206263102639413E-5	0.03378119137175393	2.3654549607259383E-5	2.3159865101378746E-4	2.9700439597908917E-5	6.440949492018128E-5	0.011232012658075044	1.4094794330282766E-4
4	web	7.962107245709088E-4	0.0021899115188065863	0.0012098130653713929	0.005802007104257065	4.611081208943205E-4	0.004514650269978232	5.789632066604275E-4	0.11004039755887664	0.0013806919933488128	0.8730262464372355
5	asyc	6.539344259059611E-4	0.0017985923671241637	9.936294349508173E-4	0.004765236221691655	3.7871189750691433E-4	0.0037079194506648263	4.755072501343121E-4	0.0010312029797091514	0.9839386741561852	0.0022565918161269647
6	web	7.962107245709088E-4	0.0021899115188065863	0.0012098130653713929	0.005802007104257065	4.611081208943205E-4	0.004514650269978232	5.789632066604275E-4	0.0012555614739450576	0.0013806919933488128	0.9818110825221671
7	asyc	6.539344259059611E-4	0.0017985923671241637	9.936294349508173E-4	0.004765236221691655	3.7871189750691433E-4	0.0037079194506648263	4.755072501343121E-4	0.0010312029797091514	0.9839386741561852	0.0022565918161269647
8	password	0.0011819432243332843	0.48771115341757176	0.0017959194861337895	0.008612849303312155	6.844967071622988E-4	0.4911621358403131	8.59447905099928E-4	0.0018638311832122406	0.002049582473671531	0.004078640459189951
9	web	7.962107245709088E-4	0.0021899115188065863	0.0012098130653713929	0.005802007104257065	4.611081208943205E-4	0.004514650269978232	5.789632066604275E-4	0.0012555614739450576	0.0013806919933488128	0.9818110825221671
10	log	5.547968061158734E-4	0.001525922571521522	8.429934487845843E-4	0.004042817951539355	3.212985015796257E-4	0.6853537803932784	4.034195069237648E-4	8.748707774593914E-4	0.3041656115517533	0.0019144884910440464
11	sentinel	2.205059188534345E-4	0.904426269800104	3.3505067614402774E-4	0.0016068320461368269	1.2770120616420756E-4	0.0012503060752163963	0.06041499292319471	3.477204312192997E-4	3.82374599150286E-4	0.030888246323816818
12	sentinel	2.14056955136585E-4	0.6147592804409336	3.2525171172169436E-4	0.0015598382891506704	1.2396642911408092E-4	0.3814145464566659	1.5565113270815718E-4	3.3755092440424216E-4	3.7119158905701E-4	7.386660711080806E-4
13	security	1.1960842325063597E-4	0.9971838523919111	1.8174062306818863E-4	8.715895177161389E-4	6.926861644316065E-5	6.782001091622624E-4	8.697305139428411E-5	1.8861304370616834E-4	2.0741040935893832E-4	4.127438139891557E-4
14	feign	8.933989869216212E-4	0.0024572197685533118	0.0013574870742287847	0.006510220358873953	5.173925888656261E-4	0.9815736697146207	6.496334780896995E-4	0.0014088196933605035	0.001549224081066456	0.0030829342554193158
15	cor	1.1768522504064894E-4	3.236834445413331E-4	0.016257938557028066	8.575751251277287E-4	6.815483803582715E-5	0.01674641541138903	8.557460124994857E-5	1.855803119120555E-4	2.0407543246374153E-4	0.9651533170532117
16	dynamic	1.1960842325063597E-4	3.2897304160782394E-4	1.8174062306818863E-4	8.715895177161389E-4	6.926861644316065E-5	0.11507138298542657	8.697305139428411E-5	1.8861304370616834E-4	0.8826691068833978	4.127438139891557E-4
17	dynamic	1.7347018356705642E-4	4.771153432625714E-4	2.635815972522843E-4	0.0012640814879443438	1.0046148325734416E-4	9.83605453815309E-4	1.2613853423298324E-4	2.7354878883646086E-4	0.9957393875714726	5.986095563590261E-4
18	resource	3.449290072062157E-5	0.8483813828835736	0.15085890190471746	2.513506146696685E-4	1.9975813116623885E-5	1.9558061546408892E-4	2.5081451168587396E-5	5.439258218075817E-5	5.98134016318395E-5	1.1902783275677825E-4
19	custom	3.9953246270123043E-5	1.098880880658958E-4	6.070749595547685E-5	2.9114028679067563E-4	2.3138053460875942E-5	0.26224606266298023	2.9051931684931943E-5	0.7369929058141051	6.928207009919457E-5	1.3787035058746092E-4
20	asyc	6.539344259059611E-4	0.0017985923671241637	9.936294349508173E-4	0.004765236221691655	3.7871189750691433E-4	0.0037079194506648263	4.755072501343121E-4	0.0010312029797091514	0.9839386741561852	0.0022565918161269647
21	cor	8.299046845753167E-5	2.2825839594693595E-4	1.261009804851889E-4	0.03462126791337143	4.806212448747766E-5	4.705700755655266E-4	6.034637095138061E-5	1.3086941896705068E-4	1.439119968967167E-4	0.9640876222548708
22	dynamic	9.014548378690736E-5	2.4793767180130447E-4	1.3697276450075376E-4	6.568923542573398E-4	5.220579597001954E-5	5.111402297867884E-4	6.554912757216379E-5	1.421523134519144E-4	0.9977859309265698	3.110733323031905E-4
23	dynamic	1.350581555357703E-4	3.714662480538023E-4	2.0521592602284146E-4	9.841720963111801E-4	7.821599281284952E-5	7.658027197271508E-4	9.820729663842726E-5	2.1297605219294018E-4	0.9966828278830566	4.660576296484038E-4
24	resource	1.9679079673311838E-4	0.7533820680368517	0.05407336007877276	0.0014340193688213458	1.1396710907129101E-4	0.08177735279262467	1.4309607645547335E-4	3.103235552852085E-4	3.4125071294484E-4	0.10822777147243959
25	swagger	0.0011819432243332843	0.0032508367466888392	0.0017959194861337895	0.008612849303312155	6.844967071622988E-4	0.975622452511196	8.59447905099928E-4	0.0018638311832122406	0.002049582473671531	0.004078640459189951
26	web	1.619547542759324E-4	0.04470061539959833	2.4608432375440445E-4	0.0011801682718900414	9.379257288241398E-5	9.183110105809433E-4	1.1776511038585593E-4	2.553898656673895E-4	2.808422765644876E-4	0.9520450764144003
27	xxl	3.8082313243900395E-5	0.0053078600551203295	5.7864681673141186E-5	2.775067518799483E-4	2.2054543297777378E-5	2.1593319514833908E-4	2.7691486075646133E-5	6.005280244563032E-5	0.9938615400216211	1.314141494941378E-4
28	xxl	5.8463053705326264E-5	1.6079777725036166E-4	8.883247114302607E-5	0.008413723353077905	3.385760578687852E-5	3.3149546099965545E-4	4.251130511038734E-5	9.219162166039288E-5	0.9905763835015606	2.017438497055089E-4
29	xxl	4.656160661051234E-5	1.2806383474105165E-4	7.074865771550423E-5	3.392955708872222E-4	2.6965141598117034E-5	0.02571052575659482	3.385718910657905E-5	7.342397888027745E-5	0.9734098838349621	1.6067442890384695E-4
30	security	6.466096352152245E-5	0.9808085535189864	9.824996834851615E-5	0.018140207811278737	3.744699043170211E-5	3.6663866412602693E-4	4.701810416626657E-5	1.0196523628784669E-4	1.1212719429834169E-4	2.2313154855458677E-4
31	authorization	3.09880063413147E-5	0.1779063187911678	0.8129434913200982	2.2581036325021136E-4	1.7946029780000003E-5	1.7570726803547895E-4	0.008490203771168662	4.886564035857178E-5	5.373563922836249E-5	1.0693317057138253E-4
32	security	2.1966683841407044E-5	0.9094447479244319	0.0900714300856378	1.6007176463680257E-4	1.2721527098055016E-5	1.2455483463699908E-4	1.597303493163912E-5	3.463972675884981E-5	3.809195677011305E-5	7.58024612564073E-5
33	security	4.540617769564118E-5	0.8066142334115634	0.19238568358062175	3.3087593200813116E-4	2.6296000076504995E-5	2.574607526202064E-4	3.301702103426064E-5	7.16019586705193E-5	7.873788189267479E-5	1.5668728381693322E-4
34	token	1.559942675181797E-5	4.2904928653147586E-5	0.9932195489188641	0.006507638080704075	9.034068663714393E-6	8.845140365894264E-5	1.1343095308298205E-5	2.4599064846515066E-5	2.7050632392164195E-5	5.3830380157240144E-5
35	web	7.962107245709088E-4	0.0021899115188065863	0.0012098130653713929	0.22337167927412024	4.611081208943205E-4	0.004514650269978232	5.789632066604275E-4	0.0012555614739450576	0.1101655280782804	0.6554565742673725
36	admin	1.619547542759324E-4	4.4544311068591834E-4	2.4608432375440445E-4	0.0011801682718900414	9.379257288241398E-5	0.9966596875111103	1.1776511038585593E-4	2.553898656673895E-4	2.808422765644876E-4	5.588722027833389E-4
37	test	1.6945396886300465E-4	0.9728580623393313	2.574791059489713E-4	0.001234815232760846	9.813557987756808E-5	0.02411302314889817	1.232181508822721E-4	2.672155352166775E-4	2.9384650423594397E-4	5.847504339853781E-4
38	admin	2.3464433149417084E-4	0.03270440181303342	3.5653347687569705E-4	0.0017098590062781616	1.3588916028742264E-4	0.8669243387075893	1.7062120666582275E-4	3.700155921190892E-4	4.0689171821100504E-4	0.09698680498744595
39	apollo	5.15705845316776E-4	0.0014184061280808806	7.835961640542689E-4	0.003757961160153096	2.98659821991707E-4	0.9893635806901342	3.74994584579395E-4	8.13227417423901E-4	8.942744798316793E-4	0.0017795937084340414
40	web	8.693336171718729E-5	0.8554225956662665	1.3209206253632166E-4	6.334855418480993E-4	5.0345565347717886E-5	0.14302350906277	6.321343874472168E-5	1.3708705045571115E-4	1.5074928379356093E-4	2.999889665200478E-4
41	biz	4.257176908394808E-4	0.0011709011774885896	6.468624556833321E-4	0.11943229670859173	2.465451398689118E-4	0.8748895025368039	3.0955985873378904E-4	6.713231998764696E-4	7.382279452286749E-4	0.0014690632868852678
42	apollo	2.2735553316891299E-4	6.253225252891888E-4	3.454584144925493E-4	0.0016567453538748563	1.3166801129304233E-4	0.9953107981901638	1.6532116997846635E-4	3.585217324081679E-4	3.94252368880159E-4	7.845567004510795E-4
43	bootstrap	4.817609855196726E-4	0.0013250436083609759	7.320181915183333E-4	0.5959098195934159	2.7900139485421933E-4	0.3976644770581454	3.503116403897638E-4	7.596990525269349E-4	8.354114242474102E-4	0.001662457051021336
44	bootstrap	3.4536501110307965E-4	9.498978005037441E-4	5.247694986522769E-4	0.0025166833178010446	2.0001063333856752E-4	0.9928768558541501	2.5113155114095143E-4	5.446133655425486E-4	5.988900813535567E-4	0.001191782886414183
45	java	4.0231691131071754E-4	0.0011065392754723749	6.113058273434787E-4	0.9923527123096464	2.3299308744989243E-4	0.0022812053344855214	2.9254402368380546E-4	6.344220174006478E-4	6.976491537901443E-4	0.001388312059417099
46	java	4.0231691131071754E-4	0.0011065392754723749	6.113058273434787E-4	0.9923527123096464	2.3299308744989243E-4	0.0022812053344855214	2.9254402368380546E-4	6.344220174006478E-4	6.976491537901443E-4	0.001388312059417099
47	java	3.298027414184855E-4	9.070950692802561E-4	5.011231992365016E-4	0.9937310702737361	1.9099808338204557E-4	0.001870037654148584	2.3981547452773746E-4	5.20072894458528E-4	5.719038822371939E-4	0.0011380807275746879
48	java	3.298027414184855E-4	9.070950692802561E-4	5.011231992365016E-4	0.9937310702737361	1.9099808338204557E-4	0.001870037654148584	2.3981547452773746E-4	5.20072894458528E-4	5.719038822371939E-4	0.0011380807275746879
49	java	3.298027414184855E-4	9.070950692802561E-4	5.011231992365016E-4	0.9937310702737361	1.9099808338204557E-4	0.001870037654148584	2.3981547452773746E-4	5.20072894458528E-4	5.719038822371939E-4	0.0011380807275746879
50	java	3.624686750988504E-4	9.969400088567166E-4	5.507578903295645E-4	0.9931101523219803	2.0991584827993612E-4	0.0020552590556671673	2.635684498752287E-4	5.715844938050624E-4	6.285491793877054E-4	0.0012508040767195729
51	java	3.298027414184855E-4	9.070950692802561E-4	5.011231992365016E-4	0.9937310702737361	1.9099808338204557E-4	0.001870037654148584	2.3981547452773746E-4	5.20072894458528E-4	5.719038822371939E-4	0.0011380807275746879
52	java	2.794366786882276E-4	7.685673937212917E-4	4.245938096390188E-4	0.9946884343832234	1.6182967378179736E-4	0.001584453509542342	2.0319188194691006E-4	4.4064958853346446E-4	4.8456516975546067E-4	9.642779111681671E-4
53	java	0.07381896694708226	7.403034021663947E-4	4.089794133636407E-4	0.9213339601697326	1.5587840318345196E-4	0.0015261853850048186	1.957195201445647E-4	4.244447425424372E-4	4.667453325132732E-4	9.288166842666858E-4
54	java	3.155824829955921E-4	8.679834286558685E-4	4.795160368333005E-4	0.9940013706367925	1.8276273005451315E-4	0.0017894063695565884	2.2947523900717823E-4	4.976486692197261E-4	5.472448361556168E-4	0.001089009570729175
55	java	2.9052875562788716E-4	7.990752307901029E-4	4.41447814727856E-4	0.9944775948657774	1.6825340885170362E-4	0.001647347472917729	2.112574658876066E-4	4.581409184561759E-4	5.037997032119779E-4	0.0010025543637516344
56	java	1.656195143468452E-4	4.555227291151721E-4	2.5165279260118005E-4	0.9968518845772087	9.591493895671903E-5	9.39090823679377E-4	1.2042993412763639E-4	2.6116890306828616E-4	2.8719725864562027E-4	5.715185282503514E-4
57	java	2.5961317255503223E-4	7.140444852944893E-4	3.9447271734359104E-4	0.3211261257581146	1.5034932143218426E-4	0.42711780844888375	0.035659257054171264	4.093894838761614E-4	4.5018965162493786E-4	0.21371874990670403
58	java	3.155824829955921E-4	8.679834286558685E-4	4.795160368333005E-4	0.9940013706367925	1.8276273005451315E-4	0.0017894063695565884	2.2947523900717823E-4	4.976486692197261E-4	5.472448361556168E-4	0.001089009570729175
59	java	3.155824829955921E-4	8.679834286558685E-4	4.795160368333005E-4	0.9508839048397166	1.8276273005451315E-4	0.04490687216663251	2.2947523900717823E-4	4.976486692197261E-4	5.472448361556168E-4	0.001089009570729175
60	java	1.7768139584745996E-4	4.88697933142864E-4	2.699803802385727E-4	0.9966226108993471	1.0290031524161624E-4	0.001007483743911069	1.292007097231516E-4	2.80189538244513E-4	3.081135094554746E-4	6.131415748481377E-4
61	java	2.4241595227838893E-4	6.667449581554004E-4	3.683421703204204E-4	0.9953921287530165	1.403899254059097E-4	0.001374539692354008	1.7627232684208586E-4	3.8227082474237935E-4	4.2036831964449594E-4	8.365270772404685E-4
62	java	2.794366786882276E-4	7.685673937212917E-4	4.245938096390188E-4	0.8801516452551991	1.6182967378179736E-4	0.11612124263756665	2.0319188194691006E-4	4.4064958853346446E-4	4.8456516975546067E-4	9.642779111681671E-4
63	java	3.025378189353262E-4	8.321051627609528E-4	4.596951470531543E-4	0.9942493251624124	1.7520819662899512E-4	0.001715440905008001	2.1998983482826608E-4	4.770782635102927E-4	5.246243631223751E-4	0.0010439951457404
64	java	3.025378189353262E-4	8.321051627609528E-4	4.596951470531543E-4	0.9942493251624124	1.7520819662899512E-4	0.001715440905008001	2.1998983482826608E-4	4.770782635102927E-4	5.246243631223751E-4	0.0010439951457404
65	java	3.624686750988504E-4	9.969400088567166E-4	5.507578903295645E-4	0.9931101523219803	2.0991584827993612E-4	0.0020552590556671673	2.635684498752287E-4	5.715844938050624E-4	6.285491793877054E-4	0.0012508040767195729
66	java	3.624686750988504E-4	9.969400088567166E-4	5.507578903295645E-4	0.9931101523219803	2.0991584827993612E-4	0.0020552590556671673	2.635684498752287E-4	5.715844938050624E-4	6.285491793877054E-4	0.0012508040767195729
67	java	3.025378189353262E-4	8.321051627609528E-4	4.596951470531543E-4	0.9942493251624124	1.7520819662899512E-4	0.001715440905008001	2.1998983482826608E-4	4.770782635102927E-4	5.246243631223751E-4	0.0010439951457404
68	java	2.2735553316891299E-4	6.253225252891888E-4	3.454584144925493E-4	0.9956783989903083	1.3166801129304233E-4	0.0012891445537300927	1.6532116997846635E-4	3.585217324081679E-4	3.94252368880159E-4	7.845567004510795E-4
69	java	2.794366786882276E-4	7.685673937212917E-4	4.245938096390188E-4	0.9946884343832234	1.6182967378179736E-4	0.001584453509542342	2.0319188194691006E-4	4.4064958853346446E-4	4.8456516975546067E-4	9.642779111681671E-4
70	java	3.4536501110307965E-4	9.498978005037441E-4	5.247694986522769E-4	0.9934352608010365	2.0001063333856752E-4	0.001958278370914727	2.5113155114095143E-4	5.446133655425486E-4	5.988900813535567E-4	0.001191782886414183
71	java	3.298027414184855E-4	9.070950692802561E-4	5.011231992365016E-4	0.9937310702737361	1.9099808338204557E-4	0.001870037654148584	2.3981547452773746E-4	5.20072894458528E-4	5.719038822371939E-4	0.0011380807275746879
72	java	3.155824829955921E-4	8.679834286558685E-4	4.795160368333005E-4	0.9940013706367925	1.8276273005451315E-4	0.0017894063695565884	2.2947523900717823E-4	4.976486692197261E-4	5.472448361556168E-4	0.001089009570729175
73	java	7.180930859248512E-4	0.0019750554368501857	0.0010911161715046423	0.8882386373051028	4.1586798979184467E-4	0.10218347389649113	5.22160105205551E-4	0.001132376123016245	0.0012452298664400686	0.0024779900196727125
74	java	1.8674851776050258E-4	5.136362994660462E-4	2.837575402506108E-4	0.9964502619678377	1.0815134165738821E-4	0.0010588958677740124	1.357938512319968E-4	2.944876739041583E-4	3.238366116967841E-4	6.444303284207166E-4
75	java	3.155824829955921E-4	8.679834286558685E-4	4.795160368333005E-4	0.9940013706367925	1.8276273005451315E-4	0.0017894063695565884	2.2947523900717823E-4	4.976486692197261E-4	5.472448361556168E-4	0.001089009570729175
76	java	2.794366786882276E-4	7.685673937212917E-4	4.245938096390188E-4	0.345646629324419	1.6182967378179736E-4	0.42155268031229814	2.0319188194691006E-4	4.4064958853346446E-4	4.8456516975546067E-4	0.23003785616721678
77	java	3.298027414184855E-4	9.070950692802561E-4	5.011231992365016E-4	0.9937310702737361	1.9099808338204557E-4	0.001870037654148584	2.3981547452773746E-4	5.20072894458528E-4	5.719038822371939E-4	0.0011380807275746879
78	java	3.4536501110307965E-4	9.498978005037441E-4	5.247694986522769E-4	0.9934352608010365	2.0001063333856752E-4	0.001958278370914727	2.5113155114095143E-4	5.446133655425486E-4	5.988900813535567E-4	0.001191782886414183
79	java	3.155824829955921E-4	8.679834286558685E-4	4.795160368333005E-4	0.9940013706367925	1.8276273005451315E-4	0.0017894063695565884	2.2947523900717823E-4	4.976486692197261E-4	5.472448361556168E-4	0.001089009570729175
80	java	3.298027414184855E-4	9.070950692802561E-4	5.011231992365016E-4	0.9937310702737361	1.9099808338204557E-4	0.001870037654148584	2.3981547452773746E-4	5.20072894458528E-4	5.719038822371939E-4	0.0011380807275746879
81	java	3.025378189353262E-4	8.321051627609528E-4	4.596951470531543E-4	0.9942493251624124	1.7520819662899512E-4	0.001715440905008001	2.1998983482826608E-4	4.770782635102927E-4	5.246243631223751E-4	0.0010439951457404
82	apollo	5.15705845316776E-4	0.0014184061280808806	7.835961640542689E-4	0.003757961160153096	2.98659821991707E-4	0.9893635806901342	3.74994584579395E-4	8.13227417423901E-4	8.942744798316793E-4	0.0017795937084340414
83	character	1.1401858788960088E-4	3.1359866335895E-4	1.732470727499613E-4	8.308562501583185E-4	6.603138489139453E-5	6.465047916501413E-4	8.29084125926995E-5	1.7979831450392892E-4	1.9771719537808107E-4	0.997395319326827
84	http	9.865063924868491E-5	0.18896975663961357	0.4314605845937924	7.188696309872382E-4	0.3774539838588893	5.593659082620615E-4	7.173363617941709E-5	1.5556427236954417E-4	1.7106796422869733E-4	3.404228564291688E-4
85	web	4.512622523453347E-5	1.2411593739160238E-4	6.856764823037598E-5	3.288359115486271E-4	0.4747707743430155	2.55873374536594E-4	3.281345410204838E-5	0.2281952085144186	0.03707134129021048	0.25910734330131163
86	conditional	1.1960842325063597E-4	3.2897304160782394E-4	1.8174062306818863E-4	8.715895177161389E-4	6.926861644316065E-5	0.9975330794594656	8.697305139428411E-5	1.8861304370616834E-4	2.0741040935893832E-4	4.127438139891557E-4
87	conditional	7.180930859248512E-4	0.0019750554368501857	0.0010911161715046423	0.00523276195293551	4.1586798979184467E-4	0.9851893492486583	5.22160105205551E-4	0.001132376123016245	0.0012452298664400686	0.0024779900196727125
88	conditional	6.539344259059611E-4	0.0017985923671241637	9.936294349508173E-4	0.004765236221691655	3.7871189750691433E-4	0.9865126199009443	4.755072501343121E-4	0.0010312029797091514	0.001133973705905671	0.0022565918161269647
89	conditional	6.539344259059611E-4	0.0017985923671241637	9.936294349508173E-4	0.004765236221691655	3.7871189750691433E-4	0.9865126199009443	4.755072501343121E-4	0.0010312029797091514	0.001133973705905671	0.0022565918161269647
90	conditional	4.257176908394808E-4	0.0011709011774885896	6.468624556833321E-4	0.0031022152684387844	2.465451398689118E-4	0.9912195839769568	3.0955985873378904E-4	6.713231998764696E-4	7.382279452286749E-4	0.0014690632868852678
91	conditional	0.11675579913099245	0.0011709011774885896	6.468624556833321E-4	0.0031022152684387844	2.465451398689118E-4	0.8748895025368039	3.0955985873378904E-4	6.713231998764696E-4	7.382279452286749E-4	0.0014690632868852678
92	config	3.298027414184855E-4	9.070950692802561E-4	5.011231992365016E-4	0.0024032806764123097	1.9099808338204557E-4	0.9481374731788667	2.3981547452773746E-4	5.20072894458528E-4	0.04563225795484282	0.0011380807275746879
93	config	3.298027414184855E-4	9.070950692802561E-4	5.011231992365016E-4	0.0024032806764123097	1.9099808338204557E-4	0.9931978272514723	2.3981547452773746E-4	5.20072894458528E-4	5.719038822371939E-4	0.0011380807275746879
94	config	1.4023354529840213E-4	3.857007280799399E-4	2.130797414174352E-4	0.05850145483517	8.121320721187554E-5	0.9396281173205842	1.0197057206316568E-4	2.2113723339545674E-4	2.4317599250721792E-4	4.8391682427245577E-4
95	config	2.336944328238309E-5	6.427571427120386E-5	3.5509014059964335E-5	1.7029370713386307E-4	0.8652961847797013	1.32508719322903E-4	1.6993048954382108E-5	3.6851767688405734E-5	4.052445192369673E-5	0.1341834893536618
96	config	3.730588557287402E-5	1.0260674217788878E-4	5.6684928233836774E-5	2.7184890437272644E-4	0.9990406412786565	2.1153071815770716E-4	2.712690808104606E-5	5.882843728580286E-5	6.469133851847152E-5	1.2873485894321552E-4
97	apollo	2.691604218614429E-4	0.14783991645260802	4.089794133636407E-4	0.03873628186708289	1.5587840318345196E-4	0.8105740571624337	1.957195201445647E-4	4.244447425424372E-4	4.667453325132732E-4	9.288166842666858E-4
98	test	1.6945396886300465E-4	0.949705872023586	2.574791059489713E-4	0.001234815232760846	9.813557987756808E-5	0.04726521346464337	1.232181508822721E-4	2.672155352166775E-4	2.9384650423594397E-4	5.847504339853781E-4
99	abstract	2.691604218614429E-4	7.403034021663947E-4	4.089794133636407E-4	0.2593857014427453	1.5587840318345196E-4	0.7370242506372129	1.957195201445647E-4	4.244447425424372E-4	4.667453325132732E-4	9.288166842666858E-4
100	config	2.4241595227838893E-4	6.667449581554004E-4	3.683421703204204E-4	0.0017664909977976497	1.403899254059097E-4	0.7962750498965291	1.7627232684208586E-4	3.8227082474237935E-4	4.2036831964449594E-4	0.19956165462828424
101	another	6.539344259059611E-4	0.0017985923671241637	9.936294349508173E-4	0.9875699366719712	3.7871189750691433E-4	0.0037079194506648263	4.755072501343121E-4	0.0010312029797091514	0.001133973705905671	0.0022565918161269647
102	app	8.933989869216212E-4	0.0024572197685533118	0.0013574870742287847	0.8609546726382905	5.173925888656261E-4	0.1271292174352041	6.496334780896995E-4	0.0014088196933605035	0.001549224081066456	0.0030829342554193158
103	apollo	2.205059188534345E-4	6.064832295777016E-4	3.3505067614402774E-4	0.9054266186166632	1.2770120616420756E-4	0.09163228473226903	1.6034048515961544E-4	3.477204312192997E-4	3.82374599150286E-4	7.609201047992738E-4
104	portal	4.257176908394808E-4	0.0011709011774885896	6.468624556833321E-4	0.0031022152684387844	2.465451398689118E-4	0.9912195839769568	3.0955985873378904E-4	6.713231998764696E-4	7.382279452286749E-4	0.0014690632868852678
105	portal	2.0797448834238586E-4	5.720165699656258E-4	3.160096259644654E-4	0.0015155152042407433	1.2044390078417586E-4	0.9957105317229717	1.5122827783958844E-4	3.279593543114603E-4	3.60644113441071E-4	7.176767421388368E-4
106	auth	0.23253395748807218	0.16795077988014234	7.183315825859904E-6	3.444966056881441E-5	2.73784881074654E-6	2.6805925362197826E-5	0.5994121192762245	7.454948920857292E-6	8.197916628893354E-6	1.6313739443611716E-5
107	auth	0.001907106242740083	3.811237481445828E-5	2.1055119627842647E-5	1.0097589219225672E-4	8.024947758205305E-6	7.857123074057971E-5	0.997752456419601	2.1851307272754737E-5	2.4029030534762462E-5	4.781743471812078E-5
108	auth	3.165818405071455E-5	8.707320785527109E-5	4.8103452400904895E-5	2.3069396467764521E-4	1.833414862179677E-5	1.7950728966707147E-4	0.9905397624578672	4.992245771439509E-5	5.489778006487016E-5	0.008760047057080115
109	auth	6.702966058745202E-5	0.9617892381707708	1.0184911687771091E-4	4.88446782896481E-4	3.881876981036759E-5	0.03701263638528325	4.87404980082194E-5	1.0570048461803042E-4	1.1623470123422261E-4	2.3130542991349427E-4
110	auth	0.5556170394485859	1.0753995738930207E-4	5.9410274973101E-5	2.849190898380493E-4	2.26436306887228E-5	2.2170087398126526E-4	0.4434223639744806	6.16568414970861E-5	6.780162433841038E-5	1.349242842275383E-4
111	auth	0.6438905591957976	0.34758284551765967	2.9960617876353883E-5	1.436847747326757E-4	1.1419189133618193E-5	0.008193864580713828	1.4337831104424883E-5	3.1093561987274115E-5	3.419237765048132E-5	6.804235334396463E-5
112	auth	1.1057352505566069E-4	3.0412330394687494E-4	1.6801242581679875E-4	8.05751992679364E-4	6.403625169273394E-5	6.269706992630763E-4	0.997172856635889	1.7436572230674849E-4	1.9174318557813998E-4	3.815662577715336E-4
113	auth	0.049942682038667335	0.7717898449911154	2.766975703767734E-4	0.00132698291579772	1.0546050491965112E-4	0.1751945798051789	1.3241526084139946E-4	2.8716073519393547E-4	3.1577946290487646E-4	6.283967150040679E-4
114	auth	1.2577460498908137E-4	3.459326127356225E-4	0.3610626187563668	0.20712881340447875	7.283962646194646E-5	7.131634086897959E-4	9.145677943508039E-5	0.08612012444607489	2.181030532697489E-4	0.3441211733074983
115	email	1.2797375169706083E-4	3.51981183244322E-4	1.944514335839122E-4	9.325478715511208E-4	7.411321443909138E-5	0.9973605447832952	9.305588503699838E-5	2.0180450645604286E-4	2.219165465551389E-4	4.416108241412272E-4
116	email	2.691604218614429E-4	7.403034021663947E-4	4.089794133636407E-4	0.0019613786044724918	1.5587840318345196E-4	0.9944485734754857	1.957195201445647E-4	4.244447425424372E-4	4.667453325132732E-4	9.288166842666858E-4
117	email	3.8135467091442323E-4	0.0010488843729607605	5.794544699976454E-4	0.00277894085272403	2.208532619230768E-4	0.9921345700801005	2.773013680097491E-4	6.013662186818528E-4	6.612989809217568E-4	0.0013159757237662729
118	m	2.5961317255503223E-4	7.140444852944893E-4	3.9447271734359104E-4	0.0018918075643037469	1.5034932143218426E-4	0.9946454852378808	1.8877725485894582E-4	4.093894838761614E-4	4.5018965162493786E-4	8.9587111083014E-4
119	m	6.003000853961401E-4	0.0016510755647734419	9.121340168423402E-4	0.0043744014651793915	3.47650735926583E-4	0.9876188267439561	4.365071352019017E-4	9.466258576653944E-4	0.0010409675428068735	0.002071510852251798
120	m	6.539344259059611E-4	0.0017985923671241637	9.936294349508173E-4	0.004765236221691655	3.7871189750691433E-4	0.9865126199009443	4.755072501343121E-4	0.0010312029797091514	0.001133973705905671	0.0022565918161269647
121	role	3.155824829955921E-4	8.679834286558685E-4	4.795160368333005E-4	0.0022996573040463286	0.9918844760628006	0.0017894063695565884	2.2947523900717823E-4	4.976486692197261E-4	5.472448361556168E-4	0.001089009570729175
122	web	5.006505460575094E-5	1.3769977769377634E-4	7.607201876514733E-5	3.648252824704518E-4	2.899408729287146E-5	2.8387737732889456E-4	0.6225035378025279	7.894863986893998E-5	0.27369874337258276	0.10277723658686354
123	naco	7.16210720755987E-5	1.9698781476744877E-4	1.0882559864998258E-4	5.21904511172059E-4	4.147778589520226E-5	4.0610366377128067E-4	5.207913467341567E-5	1.1294077817053495E-4	1.2419656972484142E-4	0.9983638630710997
124	auth	4.0618422495395836E-5	1.1171760006919895E-4	0.5827720123127658	2.959874422804431E-4	2.35232758019395E-5	0.16671896882490073	2.9535613389402524E-5	6.405204657991319E-5	7.043553796901645E-5	0.24987314892374823
125	consistency	1.5187300525550639E-4	4.1771409670981774E-4	2.307654749744162E-4	0.021856837267875424	8.79539472489272E-5	0.9761174883671591	1.1043418458759179E-4	2.394917431360057E-4	2.633597311504504E-4	5.240821819028493E-4
126	name	8.206000336403863E-5	2.256992289284485E-4	1.246871728181463E-4	5.979732598428587E-4	4.752326586930274E-5	4.652941801826712E-4	5.9669784920082626E-5	1.294021489489658E-4	1.4229849727277137E-4	0.9981253924578528
127	web	7.688774463392552E-5	2.1147336054740302E-4	1.1682811491291106E-4	0.08460055452334057	4.452786473964953E-5	4.3596659321141226E-4	5.590878622004943E-5	0.9140591999889485	1.3332939399920743E-4	2.653236294464898E-4
128	interceptor	3.788519212589853E-5	0.21750399149843438	5.756516334632162E-5	2.7607032545192914E-4	2.194038489032888E-5	2.148154848724757E-4	2.7548149806669912E-5	0.02076448399815789	6.569590162566465E-5	0.7610300039012884
129	filter	2.14056955136585E-4	5.887458900869463E-4	3.2525171172169436E-4	0.0015598382891506704	1.2396642911408092E-4	0.0012137393537607856	1.5565113270815718E-4	3.3755092440424216E-4	3.7119158905701E-4	0.9951100077248599
130	filter	1.5844866773123516E-4	4.357999106218862E-4	2.4075695352539445E-4	0.001154619333132106	9.176209912913785E-5	8.984309033717435E-4	1.152156658153362E-4	2.498610438944709E-4	2.7476244685249745E-4	0.9963803429759263
131	filter	1.619547542759324E-4	4.4544311068591834E-4	2.4608432375440445E-4	0.0011801682718900414	9.379257288241398E-5	9.183110105809433E-4	1.1776511038585593E-4	2.553898656673895E-4	2.808422765644876E-4	0.9963002487033127
132	web	3.339135595206729E-5	0.03658944634527772	0.0456727446836282	2.4332363088814073E-4	1.9337877426191224E-5	1.8933466921735033E-4	2.4280464857047947E-5	0.11410767488285206	5.7903236401299806E-5	0.8030625628534999
133	apollo	1.2159552309496996E-4	3.344383948162612E-4	0.4819726969480699	0.1836332180801311	7.041940209195235E-5	0.050529598717091034	8.841796749793248E-5	0.2826191578878626	2.1085619671194737E-4	4.196008826322983E-4
134	naco	1.5844866773123516E-4	4.357999106218862E-4	0.498157541728147	0.2176401779307937	9.176209912913785E-5	8.984309033717435E-4	1.152156658153362E-4	0.28168108722085455	2.7476244685249745E-4	5.467734266829132E-4
135	zookeeper	1.2159552309496996E-4	3.344383948162612E-4	0.6314930911892908	0.15040646380430425	7.041940209195235E-5	6.894673033507491E-4	8.841796749793248E-5	0.21616564933620894	2.1085619671194737E-4	4.196008826322983E-4
136	aop	5.547968061158734E-4	0.001525922571521522	8.429934487845843E-4	0.004042817951539355	3.212985015796257E-4	0.0031457922798815855	4.034195069237648E-4	8.748707774593914E-4	9.62061279132471E-4	0.9873260268770617
137	consumer	8.904872276587312E-5	2.449211216353476E-4	1.353062762560088E-4	0.9983073512887376	5.1570630682900635E-5	5.049214082023614E-4	6.475161975409169E-5	1.4042280788053771E-4	1.544174861586276E-4	3.0728863792671055E-4
138	provider	1.1582289479754071E-4	3.1856125976618776E-4	1.759886510831869E-4	0.9977984246429992	6.707630998743006E-5	6.567355187901757E-4	8.422041113904332E-5	1.826435640978766E-4	2.0084600540846469E-4	3.9968074193092004E-4
139	aop	5.547968061158734E-4	0.001525922571521522	8.429934487845843E-4	0.004042817951539355	3.212985015796257E-4	0.0031457922798815855	4.034195069237648E-4	8.748707774593914E-4	9.62061279132471E-4	0.9873260268770617
140	consumer	8.904872276587312E-5	2.449211216353476E-4	1.353062762560088E-4	0.9983073512887376	5.1570630682900635E-5	5.049214082023614E-4	6.475161975409169E-5	1.4042280788053771E-4	1.544174861586276E-4	3.0728863792671055E-4
141	provider	1.0577935259272466E-4	2.9093733046556204E-4	1.607278561616619E-4	0.9979893334875224	6.125981100007801E-5	5.997869257516348E-4	7.691726735852799E-5	1.6680569069934368E-4	1.8342971361646001E-4	3.650225648317182E-4
142	provider	1.0577935259272466E-4	2.9093733046556204E-4	1.607278561616619E-4	0.9979893334875224	6.125981100007801E-5	5.997869257516348E-4	7.691726735852799E-5	1.6680569069934368E-4	1.8342971361646001E-4	3.650225648317182E-4
143	sentinel	3.298027414184855E-4	9.070950692802561E-4	5.011231992365016E-4	0.0024032806764123097	1.9099808338204557E-4	0.04693039172675421	2.3981547452773746E-4	5.20072894458528E-4	5.719038822371939E-4	0.9474055162522927
144	gateway	1.7628290785960718E-5	4.848515079955992E-5	2.6785542890689972E-5	1.2845778789424565E-4	1.0209041134523302E-5	9.995540790910888E-5	1.2818380167992008E-5	0.9995642599879433	3.056884213374221E-5	6.083156834080772E-5
145	redi	1.3759720263890402E-4	3.7844968639035774E-4	2.0907391520104553E-4	0.0010026741949087144	7.968642670987988E-5	0.019579857318879762	1.000535602057566E-4	2.169799290873949E-4	0.9778208084123913	4.748193535869389E-4
146	web	7.938971973851538E-5	2.1835483542864304E-4	1.2062977454566471E-4	5.785148374836061E-4	4.597682919516291E-5	4.5015321772278485E-4	5.772809294983325E-5	0.9871907529482019	0.010984542319112315	2.73957425621617E-4
147	interceptor	3.909951002948409E-5	0.24584393646867386	5.9410274973101E-5	2.849190898380493E-4	2.26436306887228E-5	2.2170087398126526E-4	2.8431138901980012E-5	0.032114230299490724	6.780162433841038E-5	0.7213178270890843
148	gateway	2.3825888928091248E-5	6.553113013838411E-5	3.620256651884036E-5	1.7361983776408428E-4	1.3798245280091721E-5	1.3509684379050206E-4	1.7324952590630917E-5	0.9994110663787633	4.1315964558455345E-5	8.221819166745089E-5
149	zuul	2.0222813946816715E-4	5.562117142881109E-4	3.072782590892471E-4	0.029103707587169698	1.1711602783594078E-4	0.0011466679564498224	1.4704983051636237E-4	0.0832090963205549	3.506794927234859E-4	0.8848599646719044
150	aop	2.4241595227838893E-4	6.667449581554004E-4	3.683421703204204E-4	0.36609589150804456	1.403899254059097E-4	0.266341376427079	1.7627232684208586E-4	3.8227082474237935E-4	4.2036831964449594E-4	0.36516592758748734
151	datum	0.45213039920411663	6.064832295777016E-4	3.3505067614402774E-4	0.06186148448417192	1.2770120616420756E-4	0.0012503060752163963	1.6034048515961544E-4	0.24136633018335968	0.24140098435129065	7.609201047992738E-4
