0	sy	0.0017024860595197912	0.6332068365977248	0.0014385797689188812	0.0010527426774247415	0.2125407252968341	0.1421582813405539	0.0023947084601894293	0.0017729858760183017	0.0017678918268839007	0.001964762095932062
1	audit	4.832569544144815E-4	7.01521804327851E-4	4.0834617935498315E-4	2.9882489623317437E-4	6.516107220657183E-4	0.9952138964182903	6.797468388717126E-4	5.032685876477426E-4	5.018226229911964E-4	5.577049758028306E-4
2	abstract	0.00159098696760966	0.19878534186822644	0.0013443644084007546	9.837965313511533E-4	0.5260806563296343	0.13284806162489432	0.002237874389679658	0.0016568696153064287	0.0016521091852636234	0.13281993907963358
3	job	0.021220486209720207	7.305889474975724E-4	4.2526576301566847E-4	3.112065299727117E-4	0.18713346191874886	0.6221058828529666	7.079117491606815E-4	5.241212254413696E-4	5.226153480901205E-4	0.16631845945538623
4	namespace	7.528224707219735E-4	0.0010928376160448767	6.361257232694352E-4	4.655123835063311E-4	0.0010150856376786022	0.9925441604293528	0.0010589163591548701	7.839967912076428E-4	7.817442531419741E-4	8.687983359215655E-4
5	namespace	7.088864816464504E-4	0.001029057769630594	5.990003531919167E-4	4.383442956879106E-4	9.55843527855557E-4	0.9929792958014554	9.971162145031E-4	7.382414162110518E-4	7.361203400659478E-4	8.180937997521347E-4
6	namespace	6.518241468181001E-4	9.462230132504284E-4	5.507833824905564E-4	4.0305945161450376E-4	8.789022053135819E-4	0.9935444325110421	9.168526169203063E-4	6.788161344957764E-4	6.768657959233615E-4	7.522407421313575E-4
7	namespace	7.301941630853161E-4	0.0010599891468047662	6.170050817881477E-4	4.515200309500202E-4	9.84574234286358E-4	0.8725364281568384	0.0010270874936941115	0.09093431114660738	0.03081620651556626	8.426840303793898E-4
8	cluster	0.001980011214514539	0.002874290844874793	0.0016730851095700305	0.0012243520560086083	0.002669794041042311	0.9803902692365901	0.0027850739688319863	0.002062003326289975	0.002056078887521738	0.0022850413147558284
9	controller	0.0023656378779931715	0.003434087264334975	0.0019989348945559505	0.0014628066641546352	0.0031897626961060687	0.9765710812488786	0.003327494523962628	0.0024635987601794762	0.0024565204786761927	0.0027300755911582298
10	controller	8.299847572942188E-4	0.0012048505441729568	7.013269058375106E-4	5.132261557913114E-4	0.0011191291963077834	0.9917799568462221	0.0011674524493207052	8.643543621192402E-4	8.61870944935987E-4	9.578478379981683E-4
11	instance	0.0014067282776277427	0.0020420824791152798	0.0011886680829164514	8.698590423798471E-4	0.0018967946976487609	0.9860679764946086	0.0019786970288455975	0.0014649807871748661	0.001460771681951997	0.0016234414277309112
12	biz	0.0012607192402374707	0.0018301279021091413	0.0010652922431587902	7.79573460250734E-4	0.15738994173692422	0.624237310530186	0.0017733214399252265	0.0013129255268005179	0.0013091532987000037	0.20904163462170783
13	gray	5.250349355724589E-4	7.621689703032053E-4	0.02205636401524249	3.246585666445815E-4	7.079430318651318E-4	0.9731874176733584	7.385115402736509E-4	5.467765917852599E-4	5.452056222350967E-4	6.059190527198014E-4
14	database	0.001980011214514539	0.002874290844874793	0.0016730851095700305	0.0012243520560086083	0.002669794041042311	0.9803902692365901	0.0027850739688319863	0.002062003326289975	0.002056078887521738	0.0022850413147558284
15	release	4.4763761805134884E-4	6.498148586001877E-4	3.7824827847186365E-4	2.767994615335249E-4	6.035825638052665E-4	0.9955666649233029	6.29644856739074E-4	4.6617425731132126E-4	4.6483487012044885E-4	5.16598312064111E-4
16	admin	0.0010439989483286688	0.0015155250623041206	8.821662635298379E-4	6.455631409998989E-4	0.0014077001941555684	0.6458561816501353	0.001468483750578674	0.0010872308643083916	0.0010841070901609845	0.3450090430354986
17	biz	1.7443122042643325E-4	2.532137476074646E-4	1.4739223465011855E-4	1.078606130084755E-4	2.3519838142957637E-4	0.30895925801527174	2.45354090825371E-4	1.81654403819279E-4	1.8113248400533562E-4	0.6895145048089562
18	release	5.366330328847738E-4	7.79005392581211E-4	4.534483087981151E-4	3.318303211205289E-4	7.235815953565204E-4	0.9946852678325853	7.548253665165129E-4	5.588549654133062E-4	5.572492929196185E-4	6.193038918242082E-4
19	config	4.317270044052501E-4	6.267181555087691E-4	3.648040057423599E-4	0.10689750103878863	0.16052793912281088	0.37371275787917557	6.072650663777568E-4	4.4960478638051446E-4	0.01822006967281729	0.33816161326799304
20	base	5.250349355724589E-4	7.621689703032053E-4	4.436480592993586E-4	3.246585666445815E-4	7.079430318651318E-4	0.3896440868628939	7.385115402736509E-4	5.467765917852599E-4	5.452056222350967E-4	0.6057619658191274
21	config	7.768981074024398E-4	0.0011277871060214589	6.564693399814154E-4	4.803997008373455E-4	0.0010475485807531788	0.12883230305922533	0.00109278103048112	8.090693981473173E-4	8.067448227950544E-4	0.8643699988543554
22	config	6.032639729332149E-4	8.757304512893213E-4	5.097506331559257E-4	3.730319708102237E-4	8.134249686598332E-4	0.3235353762094643	8.485481168157918E-4	6.28245087553296E-4	0.27378902811687156	0.39802360047244656
23	default	7.301941630853161E-4	0.0010599891468047662	0.15090680458097389	4.515200309500202E-4	9.84574234286358E-4	8.555910615610162E-4	0.0010270874936941115	7.604314470959226E-4	7.582466157291045E-4	0.8424655612258196
24	default	4.0307369397249497E-4	0.017177385557397735	3.4059231104411345E-4	2.492430862616132E-4	5.434937632575603E-4	4.722939009209156E-4	5.669614618213078E-4	4.1976494457131216E-4	0.1331566556138296	0.8466705356669234
25	json	0.004610477511871385	0.006692817296048566	0.003895796759419241	0.0028509169945409585	0.006216644278235435	0.5747640135716091	0.0064850748359758705	0.004801397030266222	0.38436211832515216	0.005320743396881104
26	local	2.783675262490814E-4	4.040932830798888E-4	2.3521713399455232E-4	1.7213026400593167E-4	3.753433098517581E-4	3.261718311760017E-4	3.9155038387727193E-4	2.898947040547193E-4	0.046124322410420464	0.9514029091532903
27	property	0.001493194765733313	0.0021676018869491646	0.0012617312012795023	9.233261246427397E-4	0.0020133837921962414	0.37054787359272456	0.0021003203628115054	0.0015550278458881235	0.1859496855976006	0.4319878548301742
28	property	8.025645195195699E-4	0.0011650458512387873	6.781571423607503E-4	4.962706838982557E-4	0.0010821564827806684	9.403896442085437E-4	0.0011288832786586682	8.357986544118721E-4	8.33397281975899E-4	0.9920373364609469
29	remote	2.9528564432925147E-4	4.286525338325499E-4	2.495127355721525E-4	1.8259168589254015E-4	3.981552467261473E-4	0.3042269527674865	4.1534732498614335E-4	3.0751340010055483E-4	3.0662986888308294E-4	0.693189358792191
30	remote	2.0032209505813713E-4	2.9079833469171167E-4	1.6926970509195587E-4	1.238703938394189E-4	2.701089426942732E-4	0.14041887553028196	2.817720668643252E-4	2.0861741757383475E-4	2.08018029056539E-4	0.8578283474848478
31	simple	9.247713426152503E-4	0.0013424478529195049	7.81420403957666E-4	5.718380211025359E-4	0.0012469368868934573	0.001083583154631354	0.001300778790826706	9.630660526323447E-4	9.602990222469702E-4	0.9908248584721742
32	txt	0.3841849939264572	0.006692817296048566	0.003895796759419241	0.0028509169945409585	0.006216644278235435	0.5747640135716091	0.0064850748359758705	0.004801397030266222	0.0047876019105663	0.005320743396881104
33	xml	0.03756245946494123	0.0012932181409369072	7.527644667154858E-4	5.508678053743392E-4	0.001201209714945034	0.0010438464255690782	0.0012530771500618857	9.277488786443951E-4	9.250833196931793E-4	0.9544897246331184
34	yaml	6.34791478984886E-4	9.214974759110837E-4	5.363909877813225E-4	3.925271971868336E-4	8.55935812623065E-4	7.438047889614637E-4	8.928945506960819E-4	6.610781452004528E-4	6.591787704796049E-4	0.9937019007921752
35	default	0.0010439989483286688	0.13044210422753136	8.821662635298379E-4	6.455631409998989E-4	0.0014077001941555684	0.00122328582399904	0.08741953652739683	0.0010872308643083916	0.0010841070901609845	0.7747643069195894
36	default	9.61368328396684E-4	0.001395574007160696	8.12344406567962E-4	5.944679913051047E-4	0.001296283281420489	0.39686738053806503	0.0013522559297895656	0.0010011785167741225	9.983019836749376E-4	0.5947208450168454
37	default	0.002155714567926101	0.0031293512891907484	0.0018215522809372797	0.0013329993002363623	0.002906707732485393	0.002525917363953153	0.003032217435614323	0.2684606768626859	0.002238532377061623	0.7123963307899092
38	abstract	0.004610477511871385	0.006692817296048566	0.003895796759419241	0.0028509169945409585	0.006216644278235435	0.954338529986195	0.0064850748359758705	0.004801397030266222	0.0047876019105663	0.005320743396881104
39	apollo	0.0018307910309521265	0.605564092571275	0.0015469958908143728	0.0011320808419855019	0.0024685895458567393	0.37896170552658864	0.0025751815976082708	0.00190660394642801	0.0019011259929291595	0.0021128330555621236
40	config	0.001980011214514539	0.002874290844874793	0.0016730851095700305	0.0012243520560086083	0.002669794041042311	0.0023200403160868253	0.0027850739688319863	0.002062003326289975	0.002056078887521738	0.9803552702352591
41	placeholder	0.003341956129962216	0.004851363385170895	0.002823911802563688	0.002066519032223272	0.8299226898577465	0.003915873253276925	0.004700778942213365	0.14104976057638477	0.0034703467290834933	0.0038568002913748583
42	order	0.001493194765733313	0.0021676018869491646	0.0012617312012795023	9.233261246427397E-4	0.0020133837921962414	0.0017496224419721186	0.0021003203628115054	0.0015550278458881235	0.0015505600222244036	0.9851852315563029
43	config	2.472077404249174E-4	3.588600609313906E-4	2.0888749843610822E-4	1.5286241968316257E-4	0.0715663305103459	0.9059664034634002	3.477211834479519E-4	0.010433587768238566	2.5670491772656294E-4	0.010461434437365176
44	config	2.6328297171834234E-4	3.821957318595296E-4	2.2247087105176167E-4	1.6280263736508332E-4	3.550037009128164E-4	0.9432031381739814	3.70332524176771E-4	2.7418549928356727E-4	0.05446274492985429	3.0384295979636985E-4
45	notification	4.4763761805134884E-4	6.498148586001877E-4	3.7824827847186365E-4	2.767994615335249E-4	6.035825638052665E-4	0.9955666649233029	6.29644856739074E-4	4.6617425731132126E-4	4.6483487012044885E-4	5.16598312064111E-4
46	notification	2.576971946171125E-4	3.740871171881159E-4	2.177509581417046E-4	1.5934863789873516E-4	3.474719888143521E-4	0.9974478060690345	3.624755977683278E-4	2.683684155831225E-4	2.675973536623294E-4	2.973966672916798E-4
47	client	0.001980011214514539	0.002874290844874793	0.0016730851095700305	0.0012243520560086083	0.002669794041042311	0.9803902692365901	0.0027850739688319863	0.002062003326289975	0.002056078887521738	0.0022850413147558284
48	config	7.088864816464504E-4	0.001029057769630594	5.990003531919167E-4	4.383442956879106E-4	9.55843527855557E-4	0.9929792958014554	9.971162145031E-4	7.382414162110518E-4	7.361203400659478E-4	8.180937997521347E-4
49	config	6.34791478984886E-4	9.214974759110837E-4	5.363909877813225E-4	3.925271971868336E-4	8.55935812623065E-4	0.9937131214699446	8.928945506960819E-4	6.610781452004528E-4	6.591787704796049E-4	7.325841111920477E-4
50	notification	5.886461452519108E-4	0.073548198448866	4.973987486572074E-4	3.639929475739981E-4	7.937146816925458E-4	0.9214764498334641	8.279867527903595E-4	6.13021936754439E-4	6.112606345869872E-4	6.793298703624589E-4
51	notification	0.14960103928375312	8.757304512893213E-4	5.097506331559257E-4	3.730319708102237E-4	8.134249686598332E-4	0.845027589797334	8.485481168157918E-4	6.28245087553296E-4	6.264400470350774E-4	6.961996435934912E-4
52	access	3.457122168735567E-4	5.018544605388326E-4	2.9212256880545333E-4	2.1377326573385674E-4	4.6614908529740115E-4	0.9965761186377047	4.862770922021315E-4	3.600281331270816E-4	3.5899371935948035E-4	3.9897082035749413E-4
53	app	3.408614130549876E-4	4.948127726414157E-4	2.880236992744122E-4	2.1077374149630556E-4	4.59608391469939E-4	0.99662416026301	4.7945397557330976E-4	3.5497645789628145E-4	3.5395655833445294E-4	3.933727272487521E-4
54	config	0.04936085177277566	5.755734031817612E-4	3.3503334989396346E-4	2.451750771241658E-4	5.346231557384543E-4	0.947108817364573	5.57707827380075E-4	4.129137710615128E-4	4.117274090794412E-4	4.5757686919196586E-4
55	default	3.721958393933891E-4	5.402995123596819E-4	3.1450090391820114E-4	2.3014957585019248E-4	5.018588919239248E-4	0.9963138288569969	5.235288244850934E-4	3.876084404141247E-4	3.8649478436808093E-4	4.2953437029024153E-4
56	release	4.930654828846606E-4	7.157603921584972E-4	4.1663426520518066E-4	3.0489005985995064E-4	6.648362789055558E-4	0.9951167542399656	6.935434664436129E-4	5.134832865258386E-4	5.120079735373728E-4	5.690245545138093E-4
57	access	0.0018307910309521265	0.00265767479525856	0.0015469958908143728	0.0011320808419855019	0.0024685895458567393	0.9818681233026051	0.0025751815976082708	0.00190660394642801	0.0019011259929291595	0.0021128330555621236
58	instance	2.989190769413472E-4	4.339270201666977E-4	2.525829414151098E-4	1.8483844119189277E-4	4.030544698543761E-4	0.9847347446494109	4.204580933046623E-4	3.112972928770555E-4	0.01261520903912062	3.449689757172025E-4
59	namespace	0.002155714567926101	0.0031293512891907484	0.0018215522809372797	0.0013329993002363623	0.002906707732485393	0.9786501298730493	0.003032217435614323	0.002244982542023242	0.002238532377061623	0.002487812601475536
60	watch	0.19143987095553688	2.9321623286464185E-4	1.706771303136586E-4	1.2490033783570066E-4	2.723548149745425E-4	0.8067616610982548	2.8411491441321596E-4	2.1035200684969127E-4	2.097476346023395E-4	2.3310487435448056E-4
61	case	0.9800502401350178	0.002874290844874793	0.0016730851095700305	0.0012243520560086083	0.002669794041042311	0.0023200403160868253	0.0027850739688319863	0.002062003326289975	0.002056078887521738	0.0022850413147558284
62	base	9.61368328396684E-4	0.9907478629183188	8.12344406567962E-4	5.944679913051047E-4	0.001296283281420489	0.0011264649736017582	0.0013522559297895656	0.0010011785167741225	9.983019836749376E-4	0.001109471670150503
63	default	0.002155714567926101	0.9792535637982869	0.0018215522809372797	0.0013329993002363623	0.002906707732485393	0.002525917363953153	0.003032217435614323	0.002244982542023242	0.002238532377061623	0.002487812601475536
64	null	0.002155714567926101	0.9792535637982869	0.0018215522809372797	0.0013329993002363623	0.002906707732485393	0.002525917363953153	0.003032217435614323	0.002244982542023242	0.002238532377061623	0.002487812601475536
65	null	0.0029378041356858146	0.9717267921361359	0.0024824083410327053	0.0018166091723674463	0.003961256339210422	0.0034423158745738765	0.004132300748524591	0.003059458378501074	0.003050668104694867	0.0033903867692731847
66	tracer	0.0018307910309521265	0.9823806036812853	0.0015469958908143728	0.0011320808419855019	0.0024685895458567393	0.0021451944165783447	0.0025751815976082708	0.00190660394642801	0.0019011259929291595	0.0021128330555621236
67	default	0.0029378041356858146	0.0042646745984756314	0.0024824083410327053	0.0018166091723674463	0.003961256339210422	0.0034423158745738765	0.9715944182861849	0.003059458378501074	0.003050668104694867	0.0033903867692731847
68	default	0.00262085669026946	0.0038045766283285078	0.0022145916501194788	0.001620622779160409	0.0035338929006131134	0.003070938760112957	0.9746589781220153	0.0027293861638000728	0.002721544236002895	0.00302461206957773
69	abstract	5.747199737608612E-4	0.024492262145744206	4.8563130512749677E-4	0.11864522011375608	7.749370053901146E-4	0.3082269972491771	8.083982689368871E-4	5.985190835753627E-4	5.967994502376982E-4	0.5447965154042943
70	app	7.301941630853161E-4	0.0010599891468047662	6.170050817881477E-4	4.515200309500202E-4	9.84574234286358E-4	0.9927682677561869	0.0010270874936941115	7.604314470959226E-4	7.582466157291045E-4	8.426840303793898E-4
71	cluster	7.088864816464504E-4	0.001029057769630594	5.990003531919167E-4	4.383442956879106E-4	9.55843527855557E-4	0.9929792958014554	9.971162145031E-4	7.382414162110518E-4	7.361203400659478E-4	8.180937997521347E-4
72	item	6.186262965899951E-4	8.980312271228121E-4	5.227316075918993E-4	3.82531357690646E-4	8.341391140418284E-4	0.9938732189846362	8.701566851934008E-4	6.442435638485883E-4	6.423925573554422E-4	7.13928605929192E-4
73	namespace	6.186262965899951E-4	8.980312271228121E-4	5.227316075918993E-4	3.82531357690646E-4	8.341391140418284E-4	0.9938732189846362	8.701566851934008E-4	6.442435638485883E-4	6.423925573554422E-4	7.13928605929192E-4
74	release	6.186262965899951E-4	8.980312271228121E-4	5.227316075918993E-4	3.82531357690646E-4	8.341391140418284E-4	0.9938732189846362	8.701566851934008E-4	6.442435638485883E-4	6.423925573554422E-4	7.13928605929192E-4
75	abstract	0.7534086913561389	0.18972466533960936	9.651192818609974E-4	7.062675833291811E-4	0.0015400709102418042	0.0013383154454860416	0.0016065701459859747	0.0011894667868841428	0.00118604927389767	0.04833478387656588
76	http	0.6911890276333423	0.004851363385170895	0.002823911802563688	0.002066519032223272	0.00450620405369044	0.003915873253276925	0.004700778942213365	0.0034803462757087627	0.0034703467290834933	0.2789956288927269
77	mysql	0.9879242164131445	0.0017398361906758133	0.0010127346816350274	7.4111220197861E-4	0.0016160522873106748	0.0014043429574819683	0.0016858323482897535	0.0012481506590643868	0.0012445645386838413	0.0013831577217352942
78	service	0.7412427923190396	0.0017398361906758133	0.0010127346816350274	7.4111220197861E-4	0.0016160522873106748	0.05074062777630297	0.0016858323482897535	0.0012481506590643868	0.0012445645386838413	0.19872829699701933
79	config	0.0012607192402374707	0.0018301279021091413	0.0010652922431587902	7.79573460250734E-4	0.0016999200258765372	0.0014772236859953432	0.0017733214399252265	0.0013129255268005179	0.0013091532987000037	0.9874917431769462
80	disk	0.28807327788663795	9.214974759110837E-4	5.363909877813225E-4	3.925271971868336E-4	8.55935812623065E-4	0.20978997672180003	8.928945506960819E-4	6.610781452004528E-4	6.591787704796049E-4	0.4972172424516837
81	host	0.8983462810536649	4.948127726414157E-4	2.880236992744122E-4	2.1077374149630556E-4	4.59608391469939E-4	0.056524736576746656	4.7945397557330976E-4	3.5497645789628145E-4	3.5395655833445294E-4	0.04248737677290234
82	health	0.0018307910309521265	0.00265767479525856	0.0015469958908143728	0.0011320808419855019	0.6807383095438753	0.3035984033045866	0.0025751815976082708	0.00190660394642801	0.0019011259929291595	0.0021128330555621236
83	aggr	0.3841849939264572	0.006692817296048566	0.003895796759419241	0.0028509169945409585	0.006216644278235435	0.005402238949730324	0.5758468494578547	0.004801397030266222	0.0047876019105663	0.005320743396881104
84	client	0.0029378041356858146	0.0042646745984756314	0.0024824083410327053	0.0018166091723674463	0.003961256339210422	0.48717337464340404	0.004132300748524591	0.1239922230707086	0.003050668104694867	0.3661886808458958
85	disk	0.0010908800946216727	0.0015835802574461618	9.217802552120164E-4	6.745523848138299E-4	0.0014709134750161934	0.09108893346461792	0.04643978431530204	0.0011360533552558292	0.8543345870606907	0.0012589353370235498
86	health	0.002155714567926101	0.0031293512891907484	0.0018215522809372797	0.0013329993002363623	0.8015537906944732	0.18000304691106153	0.003032217435614323	0.002244982542023242	0.002238532377061623	0.002487812601475536
87	user	0.613506595416355	0.001029057769630594	5.990003531919167E-4	4.383442956879106E-4	9.55843527855557E-4	0.3218199003015365	9.971162145031E-4	7.382414162110518E-4	7.361203400659478E-4	0.05917978036496248
88	base	0.0023656378779931715	0.003434087264334975	0.0019989348945559505	0.0014628066641546352	0.3927094387987293	0.5870514051462553	0.003327494523962628	0.0024635987601794762	0.0024565204786761927	0.0027300755911582298
89	serializer	0.0018307910309521265	0.00265767479525856	0.6044534136668309	0.0011320808419855019	0.379285100655867	0.0021451944165783447	0.0025751815976082708	0.00190660394642801	0.0019011259929291595	0.0021128330555621236
90	task	7.088864816464504E-4	0.001029057769630594	5.990003531919167E-4	4.383442956879106E-4	0.38030680620172275	0.43854327343195715	0.17608217591013411	7.382414162110518E-4	7.361203400659478E-4	8.180937997521347E-4
91	catalog	3.3155703753540085E-4	0.01412963225628614	2.801616164631867E-4	2.0502032393292311E-4	0.10963367234830003	0.7237497850686092	4.663664870450228E-4	0.15047687516400546	3.4429472918562825E-4	3.826349686368792E-4
92	cluster	0.0023656378779931715	0.003434087264334975	0.0019989348945559505	0.0014628066641546352	0.8796090339270084	0.0027718909923204094	0.003327494523962628	0.0024635987601794762	0.0024565204786761927	0.10010999461681405
93	instance	0.0023656378779931715	0.003434087264334975	0.0019989348945559505	0.0014628066641546352	0.9769889529526642	0.0027718909923204094	0.003327494523962628	0.0024635987601794762	0.0024565204786761927	0.0027300755911582298
94	cluster	6.34791478984886E-4	0.07931381195072555	5.363909877813225E-4	3.925271971868336E-4	8.55935812623065E-4	0.7846669495371061	8.928945506960819E-4	6.610781452004528E-4	6.591787704796049E-4	0.13138644156921617
95	domain	0.00114216963052172	0.0016580349082050607	9.651192818609974E-4	0.09473958279903133	0.0015400709102418042	0.8476381523868055	0.0016065701459859747	0.0011894667868841428	0.00118604927389767	0.04833478387656588
96	instance	0.010706150174716057	0.01554162380771458	0.009046565144091755	0.006620213502964618	0.8958590713912542	0.012544726945655827	0.01505921781625786	0.011149491028229932	0.011117456901004442	0.012355483288110881
97	push	0.010706150174716057	0.01554162380771458	0.009046565144091755	0.44733180625730157	0.014435885882580258	0.012544726945655827	0.01505921781625786	0.011149491028229932	0.011117456901004442	0.45306707604244784
98	service	0.15255739547495623	0.00265767479525856	0.0015469958908143728	0.0011320808419855019	0.0024685895458567393	0.831141518858601	0.0025751815976082708	0.00190660394642801	0.0019011259929291595	0.0021128330555621236
99	service	0.0011985200367245472	0.0017398361906758133	0.0010127346816350274	7.4111220197861E-4	0.05095233710613168	0.741448615239797	0.0016858323482897535	0.0012481506590643868	0.0012445645386838413	0.19872829699701933
100	subscribe	0.004610477511871385	0.006692817296048566	0.9528320877958838	0.0028509169945409585	0.006216644278235435	0.005402238949730324	0.0064850748359758705	0.004801397030266222	0.0047876019105663	0.005320743396881104
101	client	5.487551123161815E-4	7.966024555044546E-4	4.636913167392019E-4	3.393260831476054E-4	7.399266822902572E-4	0.8816195058604618	7.718762234132021E-4	0.11351718575519086	5.698370759630038E-4	6.332934349734927E-4
102	naco	0.0023656378779931715	0.003434087264334975	0.0019989348945559505	0.0014628066641546352	0.0031897626961060687	0.0027718909923204094	0.003327494523962628	0.0024635987601794762	0.0024565204786761927	0.9765292658477165
103	naco	0.0012607192402374707	0.0018301279021091413	0.0010652922431587902	7.79573460250734E-4	0.0016999200258765372	0.0014772236859953432	0.0017733214399252265	0.0013129255268005179	0.0013091532987000037	0.9874917431769462
104	naco	0.00262085669026946	0.0038045766283285078	0.0022145916501194788	0.001620622779160409	0.0035338929006131134	0.003070938760112957	0.003686484041403913	0.0027293861638000728	0.002721544236002895	0.9739971061501892
105	config	6.697960542648317E-4	0.08368744706253954	5.65969423114609E-4	4.1417249060716284E-4	9.03135043519608E-4	7.848207313468617E-4	9.421318129335583E-4	6.975322572446177E-4	6.955281444993919E-4	0.9106394669799299
106	config	0.00262085669026946	0.0038045766283285078	0.0022145916501194788	0.001620622779160409	0.0035338929006131134	0.003070938760112957	0.003686484041403913	0.0027293861638000728	0.002721544236002895	0.9739971061501892
107	config	0.05411980759990953	2.3784355665211514E-4	1.3844545820802773E-4	1.013134241841494E-4	2.2092173148809767E-4	1.919800987914378E-4	2.3046098465205148E-4	1.7062789794839407E-4	1.7013765890723452E-4	0.9444184615892588
108	config	5.614375034389805E-4	0.02392621648886934	4.7440778116412713E-4	3.4716831733924925E-4	7.570272784876975E-4	6.578536694101162E-4	7.897152119602006E-4	5.846865871812546E-4	5.830066966397602E-4	0.9713184804655094
109	config	5.747199737608612E-4	8.342944458284504E-4	4.8563130512749677E-4	3.5538161417729533E-4	7.749370053901146E-4	6.734171502722918E-4	8.083982689368871E-4	5.985190835753627E-4	5.967994502376982E-4	0.9942979017026936
110	config	0.005690452981114651	0.008260567812399231	0.004808362740382551	0.003518726437494568	0.007672854248725163	0.006667679574844908	0.008004162982708406	0.005926094200447244	0.005909067660393828	0.9435420313614896
111	name	0.005690452981114651	0.008260567812399231	0.004808362740382551	0.003518726437494568	0.007672854248725163	0.006667679574844908	0.008004162982708406	0.005926094200447244	0.005909067660393828	0.9435420313614896
112	permission	0.001493194765733313	0.0021676018869491646	0.0012617312012795023	9.233261246427397E-4	0.0020133837921962414	0.0017496224419721186	0.0021003203628115054	0.0015550278458881235	0.0015505600222244036	0.9851852315563029
113	role	0.001493194765733313	0.0021676018869491646	0.0012617312012795023	9.233261246427397E-4	0.0020133837921962414	0.0017496224419721186	0.0021003203628115054	0.0015550278458881235	0.0015505600222244036	0.9851852315563029
114	user	0.001493194765733313	0.0021676018869491646	0.0012617312012795023	9.233261246427397E-4	0.0020133837921962414	0.0017496224419721186	0.0021003203628115054	0.0015550278458881235	0.0015505600222244036	0.9851852315563029
115	member	3.064609624108365E-4	4.448752270248908E-4	2.5895574182380795E-4	0.12634213078824344	0.16441164115483742	3.5908977832442926E-4	4.310664720567679E-4	3.191514872425141E-4	0.6184661155204918	0.08866051286754413
116	server	0.0023656378779931715	0.9772332775208932	0.0019989348945559505	0.0014628066641546352	0.0031897626961060687	0.0027718909923204094	0.003327494523962628	0.0024635987601794762	0.0024565204786761927	0.0027300755911582298
117	auto	0.001000981252114135	0.0014530782592301517	8.458168396190296E-4	6.189628851938066E-4	0.001349696285808469	0.0011728806602346702	0.04261270664028658	0.001042431808609382	0.0010394367487365737	0.9488640086201672
118	client	8.025645195195699E-4	0.0011650458512387873	6.781571423607503E-4	4.962706838982557E-4	0.0010821564827806684	9.403896442085437E-4	0.0011288832786586682	8.357986544118721E-4	8.33397281975899E-4	0.9920373364609469
119	cmdb	0.0010908800946216727	0.0015835802574461618	9.217802552120164E-4	6.745523848138299E-4	0.0014709134750161934	0.0012782179115886554	0.0015344265387874072	0.0011360533552558292	0.0011327893069127198	0.9891768064203456
120	c	3.7798705297496414E-4	5.487063496827305E-4	3.1939440812597835E-4	2.3373060822183227E-4	5.096676090650967E-4	4.428991085668035E-4	5.31674716829418E-4	3.9363946770373093E-4	3.9250848362943843E-4	0.9962497921951999
121	deregister	0.0010439989483286688	0.0015155250623041206	8.821662635298379E-4	6.455631409998989E-4	0.0014077001941555684	0.00122328582399904	0.001468483750578674	0.0010872308643083916	0.0010841070901609845	0.9896419388616348
122	multi	3.3155703753540085E-4	4.813060403677895E-4	2.801616164631867E-4	2.0502032393292311E-4	4.4706262095322853E-4	3.88495624936671E-4	4.663664870450228E-4	3.4528678890360215E-4	3.4429472918562825E-4	0.9967104487306765
123	multi	3.7798705297496414E-4	5.487063496827305E-4	3.1939440812597835E-4	2.3373060822183227E-4	5.096676090650967E-4	0.016002486209308404	5.31674716829418E-4	3.9363946770373093E-4	3.9250848362943843E-4	0.9806902050944584
124	name	0.16190178327547305	4.7482546749183497E-4	2.763893642571942E-4	2.0225981598400185E-4	4.4104312056842407E-4	0.13502884012552988	4.6008706864443793E-4	3.4063765506583813E-4	3.396589529930222E-4	0.7005344751539923
125	name	8.908584969522324E-4	0.0012932181409369072	7.527644667154858E-4	5.508678053743392E-4	0.001201209714945034	0.0010438464255690782	0.0012530771500618857	9.277488786443951E-4	9.250833196931793E-4	0.9911613256011075
126	register	0.0010439989483286688	0.0015155250623041206	8.821662635298379E-4	6.455631409998989E-4	0.0014077001941555684	0.00122328582399904	0.001468483750578674	0.0010872308643083916	0.0010841070901609845	0.9896419388616348
127	rest	0.0017024860595197912	0.0024714203932448306	0.0014385797689188812	0.0010527426774247415	0.002295586562007408	0.0019948555173361147	0.0023947084601894293	0.0017729858760183017	0.0017678918268839007	0.9831087428584566
128	select	0.0010908800946216727	0.0015835802574461618	9.217802552120164E-4	6.745523848138299E-4	0.0014709134750161934	0.0012782179115886554	0.0015344265387874072	0.0011360533552558292	0.0011327893069127198	0.9891768064203456
129	select	9.61368328396684E-4	0.001395574007160696	8.12344406567962E-4	5.944679913051047E-4	0.001296283281420489	0.0011264649736017582	0.0013522559297895656	0.0010011785167741225	9.983019836749376E-4	0.9904617605813086
130	service	0.00114216963052172	0.0016580349082050607	9.651192818609974E-4	7.062675833291811E-4	0.0015400709102418042	0.0013383154454860416	0.0016065701459859747	0.0011894667868841428	0.00118604927389767	0.9886679360335874
131	subscribe	0.04220571262028315	0.0014530782592301517	8.458168396190296E-4	6.189628851938066E-4	0.001349696285808469	0.0011728806602346702	0.0014079752721175582	0.001042431808609382	0.0010394367487365737	0.9488640086201672
132	subscribe	0.001000981252114135	0.0014530782592301517	8.458168396190296E-4	6.189628851938066E-4	0.001349696285808469	0.0011728806602346702	0.0014079752721175582	0.001042431808609382	0.0010394367487365737	0.9900687399883362
133	unsubscribe	0.07423406043293022	0.0012932181409369072	7.527644667154858E-4	5.508678053743392E-4	0.001201209714945034	0.0010438464255690782	0.0012530771500618857	9.277488786443951E-4	9.250833196931793E-4	0.9178181236651295
134	naco	0.3657360982123084	0.0042646745984756314	0.0024824083410327053	0.0018166091723674463	0.003961256339210422	0.0034423158745738765	0.004132300748524591	0.003059458378501074	0.003050668104694867	0.6080542102303109
135	dubbo	0.004610477511871385	0.9556291083325131	0.003895796759419241	0.0028509169945409585	0.006216644278235435	0.005402238949730324	0.0064850748359758705	0.004801397030266222	0.0047876019105663	0.005320743396881104
136	dubbo	6.186262965899951E-4	8.980312271228121E-4	5.227316075918993E-4	3.82531357690646E-4	8.341391140418284E-4	0.9174771916431486	0.07726618402668106	6.442435638485883E-4	6.423925573554422E-4	7.13928605929192E-4
137	dubbo	0.002155714567926101	0.6242993047040701	0.0018215522809372797	0.0013329993002363623	0.002906707732485393	0.35748017645816993	0.003032217435614323	0.002244982542023242	0.002238532377061623	0.002487812601475536
138	sentinel	0.003341956129962216	0.967837263489903	0.002823911802563688	0.002066519032223272	0.00450620405369044	0.003915873253276925	0.004700778942213365	0.0034803462757087627	0.0034703467290834933	0.0038568002913748583
139	sentinel	0.004610477511871385	0.7658418501252202	0.003895796759419241	0.0028509169945409585	0.006216644278235435	0.005402238949730324	0.1962723330432688	0.004801397030266222	0.0047876019105663	0.005320743396881104
140	gateway	8.59344942140207E-4	0.991729728377478	7.26135900715901E-4	5.31381205832173E-4	0.0011587176824593322	0.001006921019727356	0.0012087503399261913	8.949303499566424E-4	8.923590834642191E-4	9.917310983000047E-4
141	gateway	0.003341956129962216	0.692698434888551	0.002823911802563688	0.002066519032223272	0.00450620405369044	0.27905470185462894	0.004700778942213365	0.0034803462757087627	0.0034703467290834933	0.0038568002913748583
142	gateway	0.0018307910309521265	0.9823806036812853	0.0015469958908143728	0.0011320808419855019	0.0024685895458567393	0.0021451944165783447	0.0025751815976082708	0.00190660394642801	0.0019011259929291595	0.0021128330555621236
143	abstract	7.768981074024398E-4	0.0011277871060214589	6.564693399814154E-4	4.803997008373455E-4	0.0010475485807531788	0.9283447252036304	0.06505377480203352	8.090693981473173E-4	8.067448227950544E-4	8.965829383978725E-4
144	dubbo	0.004610477511871385	0.9556291083325131	0.003895796759419241	0.0028509169945409585	0.006216644278235435	0.005402238949730324	0.0064850748359758705	0.004801397030266222	0.0047876019105663	0.005320743396881104
145	sentinel	0.004610477511871385	0.9556291083325131	0.003895796759419241	0.0028509169945409585	0.006216644278235435	0.005402238949730324	0.0064850748359758705	0.004801397030266222	0.0047876019105663	0.005320743396881104
146	sentinel	0.004610477511871385	0.006692817296048566	0.003895796759419241	0.0028509169945409585	0.006216644278235435	0.3849767553643162	0.5758468494578547	0.004801397030266222	0.0047876019105663	0.005320743396881104
147	sentinel	0.001493194765733313	0.9856296049556222	0.0012617312012795023	9.233261246427397E-4	0.0020133837921962414	0.0017496224419721186	0.0021003203628115054	0.0015550278458881235	0.0015505600222244036	0.001723228487629718
148	sentinel	0.001493194765733313	0.9856296049556222	0.0012617312012795023	9.233261246427397E-4	0.0020133837921962414	0.0017496224419721186	0.0021003203628115054	0.0015550278458881235	0.0015505600222244036	0.001723228487629718
149	abstract	0.0018307910309521265	0.00265767479525856	0.0015469958908143728	0.0011320808419855019	0.0024685895458567393	0.7557782166365989	0.22866508826361445	0.00190660394642801	0.0019011259929291595	0.0021128330555621236
150	sentinel	0.0038750436097443196	0.9627068693487755	0.0032743641626228346	0.0023961569388770945	0.005225004920293346	0.004540508324042842	0.005450617151294115	0.004035508866938705	0.0040239142565537305	0.004472012420857585
151	sentinel	0.0038750436097443196	0.00562522186204359	0.0032743641626228346	0.0023961569388770945	0.005225004920293346	0.16405411623849814	0.8030186567235706	0.004035508866938705	0.0040239142565537305	0.004472012420857585
152	sentinel	0.0012607192402374707	0.9878669320720778	0.0010652922431587902	7.79573460250734E-4	0.0016999200258765372	0.0014772236859953432	0.0017733214399252265	0.0013129255268005179	0.0013091532987000037	0.0014549390069775513
153	spring	0.00114216963052172	0.9419911870652266	9.651192818609974E-4	7.062675833291811E-4	0.04855672851809288	0.0013383154454860416	0.0016065701459859747	0.0011894667868841428	0.00118604927389767	0.0013181262687148106
154	sentinel	0.0014067282776277427	0.986461751987404	0.0011886680829164514	8.698590423798471E-4	0.0018967946976487609	0.0016483069863197375	0.0019786970288455975	0.0014649807871748661	0.001460771681951997	0.0016234414277309112
155	sentinel	5.250349355724589E-4	0.9084962391199147	4.436480592993586E-4	3.246585666445815E-4	7.079430318651318E-4	0.0654533475237469	0.02235122749621678	5.467765917852599E-4	5.452056222350967E-4	6.059190527198014E-4
156	connection	0.004610477511871385	0.006692817296048566	0.3834703131740051	0.0028509169945409585	0.006216644278235435	0.005402238949730324	0.0064850748359758705	0.004801397030266222	0.0047876019105663	0.5746825180187599
157	async	0.00262085669026946	0.8668912380333164	0.0022145916501194788	0.001620622779160409	0.0035338929006131134	0.003070938760112957	0.003686484041403913	0.11061521883942356	0.002721544236002895	0.00302461206957773
158	context	0.005690452981114651	0.9452355049745205	0.004808362740382551	0.003518726437494568	0.007672854248725163	0.006667679574844908	0.008004162982708406	0.005926094200447244	0.005909067660393828	0.006567094199368215
159	ct	0.07178419897112867	0.9135336882441604	0.0014385797689188812	0.0010527426774247415	0.002295586562007408	0.0019948555173361147	0.0023947084601894293	0.0017729858760183017	0.0017678918268839007	0.001964762095932062
160	ct	0.0013297276842475655	0.9872027999544328	0.001123603529105822	8.222452540700585E-4	0.0017929691617850551	0.0015580830119830975	0.0018703883755229812	0.0013847916051579574	0.0013808128952466172	0.0015345785284480108
161	authority	0.0029378041356858146	0.9717267921361359	0.0024824083410327053	0.0018166091723674463	0.003961256339210422	0.0034423158745738765	0.004132300748524591	0.003059458378501074	0.003050668104694867	0.0033903867692731847
162	authority	0.001980011214514539	0.9809445197653781	0.0016730851095700305	0.0012243520560086083	0.002669794041042311	0.0023200403160868253	0.0027850739688319863	0.002062003326289975	0.002056078887521738	0.0022850413147558284
163	flow	0.0018307910309521265	0.9823806036812853	0.0015469958908143728	0.0011320808419855019	0.0024685895458567393	0.0021451944165783447	0.0025751815976082708	0.00190660394642801	0.0019011259929291595	0.0021128330555621236
164	flow	0.001493194765733313	0.9856296049556222	0.0012617312012795023	9.233261246427397E-4	0.0020133837921962414	0.0017496224419721186	0.0021003203628115054	0.0015550278458881235	0.0015505600222244036	0.001723228487629718
165	flow	0.001980011214514539	0.9809445197653781	0.0016730851095700305	0.0012243520560086083	0.002669794041042311	0.0023200403160868253	0.0027850739688319863	0.002062003326289975	0.002056078887521738	0.0022850413147558284
166	system	0.0018307910309521265	0.7562906970152791	0.0015469958908143728	0.22722198750799166	0.0024685895458567393	0.0021451944165783447	0.0025751815976082708	0.00190660394642801	0.0019011259929291595	0.0021128330555621236
167	tracer	0.001980011214514539	0.9809445197653781	0.0016730851095700305	0.0012243520560086083	0.002669794041042311	0.0023200403160868253	0.0027850739688319863	0.002062003326289975	0.002056078887521738	0.0022850413147558284
168	method	0.003341956129962216	0.692698434888551	0.002823911802563688	0.002066519032223272	0.00450620405369044	0.27905470185462894	0.004700778942213365	0.0034803462757087627	0.0034703467290834933	0.0038568002913748583
169	gateway	0.005690452981114651	0.008260567812399231	0.004808362740382551	0.003518726437494568	0.007672854248725163	0.9436426167369661	0.008004162982708406	0.005926094200447244	0.005909067660393828	0.006567094199368215
170	gateway	0.004610477511871385	0.006692817296048566	0.003895796759419241	0.0028509169945409585	0.006216644278235435	0.5747640135716091	0.0064850748359758705	0.004801397030266222	0.0047876019105663	0.38489525981146694
171	in	0.0014067282776277427	0.0020420824791152798	0.0011886680829164514	8.698590423798471E-4	0.0018967946976487609	0.3490905432833628	0.0019786970288455975	0.6384424139984205	0.001460771681951997	0.0016234414277309112
172	sentinel	0.0012607192402374707	0.9878669320720778	0.0010652922431587902	7.79573460250734E-4	0.0016999200258765372	0.0014772236859953432	0.0017733214399252265	0.0013129255268005179	0.0013091532987000037	0.0014549390069775513
173	resource	0.0014067282776277427	0.8127406338388825	0.0011886680829164514	8.698590423798471E-4	0.0018967946976487609	0.0016483069863197375	0.17569981517736713	0.0014649807871748661	0.001460771681951997	0.0016234414277309112
174	sentinel	9.247713426152503E-4	0.9149648679083362	7.81420403957666E-4	5.718380211025359E-4	0.0012469368868934573	0.07721878482591607	0.001300778790826706	9.630660526323447E-4	9.602990222469702E-4	0.0010672367454727602
175	resource	0.0014067282776277427	0.870647673221723	0.0011886680829164514	8.698590423798471E-4	0.0018967946976487609	0.0016483069863197375	0.11779277579452663	0.0014649807871748661	0.001460771681951997	0.0016234414277309112
176	consul	2.549922534636978E-4	3.7016047902758856E-4	2.1546531615499956E-4	1.5767602097702872E-4	0.05282676224994789	2.987823018318896E-4	0.08433137089096963	2.655514630250395E-4	2.647884946231708E-4	0.861014450529979
177	etcd	0.0011985200367245472	0.3470938299224228	0.14902158913809804	7.4111220197861E-4	0.0016160522873106748	0.39609462150804997	0.0016858323482897535	0.0999207202967064	0.0012445645386838413	0.0013831577217352942
178	sentinel	3.143932699044216E-4	4.563901915061063E-4	0.06497461379665473	1.9440700314271952E-4	4.239194568099596E-4	3.6838430809769983E-4	4.4222401649450044E-4	3.2741227097799294E-4	3.2647156737841703E-4	0.9321717841190335
179	standalone	2.576971946171125E-4	3.740871171881159E-4	0.16994470488224028	1.5934863789873516E-4	3.474719888143521E-4	3.019517649554119E-4	3.624755977683278E-4	2.683684155831225E-4	2.675973536623294E-4	0.8277162970472722
180	parameter	0.00262085669026946	0.9747770707089398	0.0022145916501194788	0.001620622779160409	0.0035338929006131134	0.003070938760112957	0.003686484041403913	0.0027293861638000728	0.002721544236002895	0.00302461206957773
