0	get	2.703567470200914E-4	0.0015520244212815489	8.228012775400255E-4	9.357371104747136E-4	9.526542760391725E-4	0.43459637070920554	0.5553183672129499	0.0013066255125972152	0.0031365504938612983	0.0011085122390303707
1	get	3.359463816191957E-4	0.19062057004418717	0.0010224161779867893	0.001162750698385272	0.0011837720363813622	0.1087351571054209	0.6900408374051283	0.001623618119120735	0.0038974902634861864	0.0013774417682839305
2	update	3.8217917966859166E-5	2.193958266952085E-4	1.1631206572297877E-4	0.0031988444167849297	1.3466822401786416E-4	0.5796849342597339	0.12449891069451888	1.8470597536126838E-4	0.15990490243038874	0.1320191081888095
3	update	5.278652959043369E-5	3.030291788241035E-4	1.6065004651311888E-4	1.8270050670224139E-4	1.8600354415367293E-4	0.15262255208175884	0.15925108874790647	2.551156094477008E-4	0.2081537901474129	0.47883228360769053
4	fetch	1.3105253619268858E-4	7.523272079717003E-4	0.6628769064965581	4.5358853769688235E-4	0.021492838552235008	3.554379183548315E-4	0.31124672736141296	6.333727164841624E-4	0.0015204092431486676	5.3733942994502E-4
5	modify	9.729126779528882E-5	5.585154624771023E-4	0.42185002730620397	3.367367406385445E-4	3.428245949399823E-4	2.6387131988361465E-4	0.2779038254129508	4.7020558597268917E-4	0.2977777902705424	3.989120385955979E-4
6	fetch	1.9144773989531136E-4	0.4312231550379977	5.82650319269844E-4	6.626235775918704E-4	6.746031310835009E-4	5.192405131486733E-4	0.562214962342285	9.252608045979327E-4	0.0022210856941278535	7.849708400023191E-4
7	fetch	0.17453092045004245	0.25470973218430937	6.011185763116319E-4	6.836267456125303E-4	6.959860148029466E-4	5.3569887066808E-4	0.48494453237923857	9.545887802376268E-4	0.08153394395170387	8.09852047072862E-4
8	fetch	1.7529124180156187E-4	0.5214184797136225	5.334797791644693E-4	6.067040009278123E-4	6.176725859261227E-4	4.754212005494678E-4	0.4725734025953809	8.471769659802394E-4	0.0020336456815016725	7.187262351452367E-4
9	fetch	5.688229083665501E-5	0.07791757238097675	1.731150492291021E-4	0.766978828413969	2.0043575088738656E-4	1.5427494677789177E-4	0.15335083174622474	2.7491029257215054E-4	6.59921305394363E-4	2.3322782313189806E-4
10	fetch	4.7732236472825143E-5	2.7401423306334255E-4	0.003975254905787654	0.8734022542132579	1.6819376502325855E-4	1.2945836275443296E-4	0.12102292626567412	2.3068837244177146E-4	5.537667231615936E-4	1.957109223632078E-4
11	modify	8.895781924430337E-5	0.40023233092977667	2.707334221473972E-4	3.07893676230726E-4	3.1346007756154697E-4	2.4126951688360066E-4	0.2969273933675404	4.2993029562151227E-4	0.30082328752359044	3.647433714033907E-4
12	modify	8.709284271463023E-5	0.384853325931153	2.650575694523535E-4	3.0143876889730613E-4	3.068884721354253E-4	2.362113669633809E-4	0.27672590550101606	4.2091692369377237E-4	0.3364460659983295	3.5709662564456025E-4
13	modify	6.13634720642864E-5	0.19237827455884762	1.8675303562901052E-4	0.3497981959956956	2.162260594528771E-4	1.6642871177621394E-4	0.17035553885212237	2.9656769814139183E-4	0.2862890501283758	2.5160148789482475E-4
14	modify	9.805675316286821E-5	5.629098487748802E-4	2.9842503530285163E-4	0.4016061661383625	3.455219306518066E-4	2.659474531160418E-4	0.2564864378301864	4.7390515227470846E-4	0.3394605791891956	4.020506689723621E-4
15	modify	1.0734743031364484E-4	6.162444076019852E-4	3.2670019807621805E-4	0.3276826706826432	3.7825942809746507E-4	2.91145431289646E-4	0.2980149056154012	5.188066978374186E-4	0.3716237759597852	4.4014414895401894E-4
16	echo	3.359463816191957E-4	0.0019285517904068256	0.0010224161779867893	0.001162750698385272	0.0011837720363813622	9.111466746892803E-4	0.9326448608742746	0.028579620726803638	0.03085349287116909	0.0013774417682839305
17	get	3.032488720736219E-4	0.34239426544879403	9.229048733013695E-4	0.0010495806982312873	0.0010685560388974612	8.224651804892895E-4	0.647211861506808	0.0014655921011221431	0.003518149296990601	0.00124337598329212
18	modify	5.169181620514698E-5	2.9674480853560277E-4	1.5731840570192384E-4	1.7891157244690335E-4	1.8214610985981675E-4	1.4019745120326052E-4	0.18498235866593743	2.498248946645E-4	0.22457549189101966	0.5891853143844258
19	api	1.4645281865892108E-4	8.407348942812662E-4	4.4571318311853686E-4	5.068907614226911E-4	0.047520967248170586	0.07090457487276956	0.8766273050189115	7.078017891571206E-4	0.00169907600145034	6.004834120594182E-4
20	basic	3.655039586028459E-4	0.0020982315998370133	0.0011123714403251386	0.14790341854473074	0.001287923874325835	9.913121101695547E-4	0.8387357330499293	0.0017664689434595984	0.004240403224628309	0.0014986332539916045
21	fetch	1.616494556730574E-4	9.279735226020084E-4	0.571197971040836	5.594881438267791E-4	0.07839314973511229	4.3842223658414496E-4	0.34500192664301826	7.812466498724852E-4	0.0018753801619978035	6.627924104770542E-4
22	modify	9.50648803453341E-5	5.457345434445631E-4	0.5037314579195178	3.290309467858652E-4	3.3497948825151605E-4	2.57832958905238E-4	0.31731181543712117	4.59445526624805E-4	0.17654485485721325	3.8978344179044764E-4
23	fetch	1.2704471077222394E-4	7.293196707182216E-4	3.866467231917117E-4	4.397169734782392E-4	4.4766660458569877E-4	3.4456797897048405E-4	0.4852191710790202	6.140030243934909E-4	0.07283149855465755	0.43886036468021217
24	fetch	1.8036497878681226E-4	0.015507718869207482	5.489211443953353E-4	6.242648128484189E-4	6.35550879283964E-4	4.891820827476248E-4	0.4717795503743502	0.3482070424693528	0.1612878749018539	7.395294871733915E-4
25	fetch	6.590657105077206E-5	3.7834679149370093E-4	2.0057946197594908E-4	2.2811054296256492E-4	2.3223454721450548E-4	1.7875040881122712E-4	0.17239140694713326	0.7776953212193256	0.04835911448320927	2.7022902682312665E-4
26	fetch	1.7285993323374777E-4	9.923289904798908E-4	5.260803566690403E-4	5.98288950521285E-4	6.091054000540178E-4	4.688270568470407E-4	0.466018758159968	0.5278995549330877	0.0020054387949595	7.087574241797716E-4
27	fetch	5.848387585405189E-5	3.3573566991446834E-4	1.7798929857899975E-4	2.024197050904947E-4	2.060792453889313E-4	1.586187318063237E-4	0.14828322153405357	0.8496591551902971	6.78502133624641E-4	2.3979461539138687E-4
28	fetch	1.142351416779965E-4	6.557843723413073E-4	3.476621965185737E-4	3.9538151929492703E-4	4.025296109417852E-4	3.0982613645337147E-4	0.28963803395459753	0.6238478356846463	0.0013253018243328993	0.08296340955919516
29	fetch	1.5180448608941054E-4	8.714569629488534E-4	4.6200039935157157E-4	5.254135239312063E-4	0.499941175536334	4.117209181912447E-4	0.3118095637705973	0.18344327466904012	0.001761163503638091	6.224262298781167E-4
30	fetch	7.326837786002176E-5	4.206083739348569E-4	2.2298431820542346E-4	2.535906388265992E-4	2.581752970330585E-4	1.9871694561874692E-4	0.15049476815366877	0.84692744921048	8.500248996715042E-4	3.0041378470092416E-4
31	modify	3.5699961974936684E-5	2.0494111367528345E-4	1.0864894124105335E-4	1.2356184793125164E-4	1.2579571919221189E-4	9.682468221035512E-5	0.1821805775938778	1.7253677457413786E-4	0.18660858133948527	0.6303428320258379
32	on	4.5992332513627077E-4	0.0026402604721215248	0.0013997264860730761	0.0015918497616445788	0.03852441767791868	0.001247394320159587	0.9446920514206526	0.002222794722474362	0.005335811843036033	0.001885769970783133
33	on	2.3922011212529926E-4	0.0013732797874379797	7.280403246431169E-4	8.279694845970663E-4	8.429383222080297E-4	6.488077312552571E-4	0.5873369892402933	0.0011561431518705683	0.36747619909390916	0.03937041275166018
34	send	0.7572149199079881	0.003169335662534567	1.1218383396837592E-4	1.275819319986855E-4	0.023791702808747393	9.997487273279509E-5	0.12008010553146142	0.0563749592830533	0.0359203706310912	0.0031088655364241973
35	version	4.283107463924164E-4	0.002458783609528183	0.001303517049972541	0.0014824348370515176	0.0015092357358255325	0.0011616553523457716	0.9828608401994161	0.002070012140345428	0.004969057728096571	0.0017561526010258703
36	multiple	3.452530230077017E-4	0.0019819779943920273	0.001050739926176808	0.001194962099865324	0.3059469063256192	9.363879507309876E-4	0.6814541136623439	0.0016685968193338701	0.004005461493962411	0.0014156007045676951
