0	public	8.949572272607234E-4	0.0016139833798074564	0.0013861579422092991	0.1964121565792299	4.0591370451309986E-4	0.7967997356760593	4.3976186605162093E-4	7.737248697753139E-4	6.648430053523728E-4	6.087657497410315E-4
1	public	0.0336984853958711	0.035328368223794135	0.0031421319221754296	0.16019730135846846	9.201219931447864E-4	0.0010005812142469784	0.7610721301323851	0.0017538734499671876	0.0015070608959778366	0.0013799454139689462
2	public	0.7398618259431194	7.239328838035523E-4	0.16355369785556786	3.6572643051104367E-4	1.8206772285264013E-4	0.09419719231668174	1.9724990967104052E-4	3.470450087991564E-4	2.9820735464994796E-4	2.7305457434352977E-4
3	public	0.8347028614877284	2.708127792989675E-4	0.13151053765278997	1.368129467878448E-4	6.810889123768198E-5	0.03289355262498817	7.378832685956604E-5	1.2982449820615955E-4	1.1155504098092608E-4	1.0214575112232937E-4
4	public	0.6537841518484515	0.027626503943085377	0.22329784350584436	7.621347729110849E-4	3.7940966535243383E-4	0.09182525508423252	4.110477192031408E-4	7.232046877265101E-4	6.214322388430456E-4	5.690165343501336E-4
5	public	0.34027991172277866	0.003905967262967657	0.0033546117087141537	0.6443899552157477	9.823432268597704E-4	0.0010682433264954866	0.0010642584513504195	0.001872475299124098	0.001608972586960094	0.0014732611990019983
6	public	0.7695237069085247	0.005901269290824129	0.005068262411455295	0.20731500233575403	0.0014841578352892217	0.0016139386516480973	0.0016079181656229566	0.002828999895957209	0.002430890961946109	0.0022258535429781506
7	public	0.3786922635862361	0.07960327138562612	0.003733295612409831	0.5289906871741419	0.0010932346206237466	0.0011888315161578977	0.0011843968100914888	0.002083848870021768	0.0017906007672310459	0.001639569657460011
8	public	0.24128966617823036	0.0017351973121686138	0.01651073012348697	0.7368795661597863	4.363987745199469E-4	4.745592638348685E-4	4.7278901227474794E-4	8.318334198412252E-4	7.147742723590907E-4	6.544854834979564E-4
9	public	8.152291299996817E-4	0.0014702001687629958	0.4848720072434336	0.4334458265896699	3.6975250448338925E-4	4.020851720350461E-4	4.005852710588341E-4	0.06433760430029561	6.05614847648904E-4	0.013281094772612096
10	public	4.0142232845605757E-4	7.239328838035523E-4	6.217445167437156E-4	0.9904906736433653	1.8206772285264013E-4	1.9798846736012208E-4	1.9724990967104052E-4	3.470450087991564E-4	0.006564820944604723	2.7305457434352977E-4
11	public	0.1444849999482396	0.01456755133025943	0.0012956490878032812	0.8234761493809457	3.7940966535243383E-4	4.1258679445089737E-4	0.013470000332029086	7.232046877265101E-4	6.214322388430456E-4	5.690165343501336E-4
12	public	7.46087830808653E-5	0.008287587444824334	1.155581005168904E-4	0.9318435748959567	3.38393015968635E-5	0.04080198087402994	3.666107906844527E-5	6.450215632095222E-5	0.018690937149526635	5.0750215078443276E-5
13	public	3.567144909247952E-4	6.433058945747495E-4	0.0116898555442848	0.8411954426582746	1.617901906976898E-4	0.016881973185441632	1.7528148317980108E-4	0.12838799810368604	2.649949371603791E-4	2.4264351177540739E-4
14	public	7.374980472349436E-5	0.038126230818776904	1.1422766858563483E-4	0.8693062183168669	0.010395239427481101	3.637468513889937E-5	3.623899641038171E-5	0.07374759755353899	0.008113956805684799	5.016592279294849E-5
15	public	9.756268075949183E-5	1.7594644798528134E-4	1.5111033318534445E-4	0.9992118830268683	4.4250192034906265E-5	4.811960936356122E-5	4.79401084665397E-5	8.434668179239942E-5	7.24770569035007E-5	6.636386264077214E-5
16	public	0.002095031231709003	0.0037782203273618617	0.0032448971778222696	0.9830762166424948	9.502151191477004E-4	0.0010333058059650518	0.0010294512584838593	0.001811234903248658	0.0015563502008467717	0.00142507733292002
17	public	9.316397589358091E-5	1.6801373753833822E-4	1.4429738224244895E-4	0.9992474160189676	4.225513067018974E-5	4.5950091693428565E-5	4.577868376251885E-5	8.054383262163623E-5	6.920936089118797E-5	6.337178571908292E-5
18	public	0.002095031231709003	0.0037782203273618617	0.0032448971778222696	0.9830762166424948	9.502151191477004E-4	0.0010333058059650518	0.0010294512584838593	0.001811234903248658	0.0015563502008467717	0.00142507733292002
19	public	0.015650295818398368	3.5701735508775754E-4	0.0033970875576611577	0.7078970281153004	0.06808003648245958	0.15771139582783758	9.727647771994801E-5	0.04343767098314079	0.0032375308025149718	1.3466057987938316E-4
20	public	0.002028682004502001	0.09866797500653234	0.0031421319221754296	0.0018482844016229755	9.201219931447864E-4	0.0010005812142469784	0.8877513436978615	0.0017538734499671876	0.0015070608959778366	0.0013799454139689462
21	public	3.6277502330652725E-4	0.028970683492538844	0.023215043821778605	0.3684443386791266	1.6453898480254346E-4	0.011505506111039008	1.7825949257318222E-4	0.5666425912352794	2.6949716636192315E-4	2.467659931933044E-4
22	public	3.7999101663585853E-4	0.06000577191171234	5.885505470358443E-4	0.9376099219335768	1.723474111902169E-4	1.874181719878691E-4	1.8671904474151552E-4	3.28516817236358E-4	2.822865292460384E-4	2.58476616637003E-4
23	public	2.8271903501110975E-4	5.09861041135769E-4	4.37890464322973E-4	0.9977161792973998	1.2822906764939284E-4	1.3944194048864356E-4	1.38921779295916E-4	2.4442145600244076E-4	2.100254259998845E-4	1.9231049269403721E-4
24	public	0.025374102464701734	5.788385762666466E-4	0.0556140288475248	0.6015676714241284	1.4557678458591868E-4	1.5830661257134918E-4	1.5771608036760034E-4	0.31594699249977326	2.3843912116673464E-4	2.1832758891360702E-4
25	public	0.005093687640811231	0.08870373582070729	0.007889377685741498	0.4022291380364724	0.0023102753482898415	0.002512295250476601	0.002502923618890062	0.3224744077928518	0.003783982626531271	0.162500176179228
26	public	7.426280174736682E-5	1.3392699014795292E-4	0.0012743406038476374	0.09976903958492482	3.3682379499924175E-5	3.662770418471942E-5	0.8973489155269768	6.420304218001707E-5	0.0012144864940404267	5.05148724503623E-5
27	public	0.005533715889186869	0.00997961154083415	0.008570917129977578	0.005041638235218651	0.002509853038650826	0.0027293248283432156	0.9529758286391922	0.004784109760015789	0.004110869425340006	0.003764131513240806
28	public	9.206833266975388E-4	0.03040599728711216	0.001426003910228974	8.388128981245333E-4	4.1758194519207916E-4	4.540970141794651E-4	0.8053297338629699	7.959660700587078E-4	0.15878485858742017	6.262650980165918E-4
29	public	1.0947016506418327E-5	1.9742063823447783E-5	1.6955328603036586E-5	9.973568951773228E-6	4.9650909430466E-6	5.399258752266889E-6	0.9999069749169643	9.464115896109988E-6	8.132285132827823E-6	7.4463544267415156E-6
30	public	6.114812492335319E-5	0.1308883993046812	9.470950837857129E-5	5.571061666319194E-5	2.773413204074519E-5	3.0159317699352276E-5	0.8687022545313733	5.2864900748539295E-5	4.542552639095115E-5	4.159403710070137E-5
31	public	6.307485452807741E-5	1.1375042716140065E-4	9.76937309343831E-5	0.1369256321441974	2.860801285608032E-5	3.110961421854174E-5	0.8625958391017712	5.453063243615344E-5	4.6856849209391345E-5	4.2904632687440485E-5
32	public	4.3294366017458864E-5	7.80779070362461E-5	0.002770534187195643	0.006798138332203833	0.002047244599358553	2.135353358666783E-5	0.9881423154571757	3.7429640980042444E-5	3.216238222465072E-5	2.9449594221225033E-5
33	public	0.005533715889186869	0.00997961154083415	0.008570917129977578	0.005041638235218651	0.002509853038650826	0.0027293248283432156	0.9529758286391922	0.004784109760015789	0.004110869425340006	0.003764131513240806
34	public	9.206833266975388E-4	0.001660378331044827	0.001426003910228974	8.388128981245333E-4	4.1758194519207916E-4	4.540970141794651E-4	0.9490578286433066	7.959660700587078E-4	0.029429573285117173	0.014999074576050257
35	public	1.571665785825289E-4	0.0027369685087734906	2.4342805948263148E-4	0.08601678363957618	7.128392977321377E-5	7.751728742511985E-5	0.9103373125555775	1.3587653894812628E-4	1.1675541273138129E-4	1.0690748912981587E-4
36	public	1.3878506082291223E-5	2.4168646056073757E-4	2.149577750307791E-5	1.2644380071792154E-5	6.29468721562628E-6	6.845120347563733E-6	0.9996654061406728	1.1998501139617467E-5	1.0310020873057453E-5	9.440405533492772E-6
37	public	6.810434177494681E-5	0.07879803056330716	1.0548367159314197E-4	6.204826202731273E-5	3.0889169695750604E-5	3.359024471920399E-5	0.9186196989886436	0.002185235840437771	5.059313884953964E-5	4.63257789516311E-5
38	public	2.477311961139426E-4	0.2982317615386869	3.83699415532304E-4	2.257020590495166E-4	1.1236010445533479E-4	1.2218533040884007E-4	0.6653038035568897	2.1417312650708723E-4	0.03499007252708268	1.6851114527355167E-4
39	public	6.773115721154634E-4	0.001221476945542504	0.04334316537104149	6.170826235958319E-4	3.071990939594763E-4	3.3406183608218214E-4	0.9519502623007817	5.855618480632486E-4	5.031590867682883E-4	4.6071932204981954E-4
40	public	0.05788925338395368	0.019897850066582255	0.3902212712688534	3.727337659606559E-4	1.8555614890594107E-4	2.0178193562001335E-4	0.5302956516886147	3.5369440733830815E-4	3.0392102146001065E-4	2.782863127109279E-4
41	public	8.25737934595706E-4	0.0014891519526505246	0.4137786173421616	7.523103872143164E-4	3.7451884154804746E-4	4.072682970588989E-4	0.5804834099532594	7.13882134757568E-4	6.134215952983603E-4	5.61681561455587E-4
42	public	6.369055436372759E-4	0.25966004827126343	9.86473599919591E-4	0.010523017348260066	2.888726754395164E-4	3.1413288075656556E-4	0.7161907958794935	5.506292857349761E-4	0.01041589008933903	4.33234426156113E-4
43	public	6.702249305920239E-4	0.0012086967575188896	0.05335256773041545	6.106261513845145E-4	3.0398490134142205E-4	3.305665813479653E-4	0.9419901043250373	5.794351744939986E-4	4.978945848403923E-4	4.558988630281441E-4
44	public	5.021115856098666E-4	9.055178608519172E-4	7.776974597978826E-4	4.5746204160997193E-4	0.6743366716919024	2.476501585275931E-4	0.3216242422034504	4.340947358766808E-4	3.7300707277472734E-4	3.41545189598653E-4
45	public	1.3301601632269525E-4	0.5629757789428684	0.04381286296004181	1.2118776012685937E-4	6.033028428674913E-5	6.560581048735134E-5	0.3468435695961627	1.1499745102044511E-4	0.04578217132954851	9.047984913435494E-5
46	public	8.626364526254358E-5	1.5556954622457158E-4	0.0014802736121905876	0.3811844576775727	3.9125440576080246E-5	4.254672872861347E-5	0.5481345682814669	7.457823196913645E-5	6.408326501205228E-5	0.06873853357099687
47	public	0.010670702314544232	0.01077914628510242	2.0906120110029397E-4	0.8155880368841139	6.122015682666351E-5	0.11595954090836687	6.632515755623515E-5	1.1669366503688926E-4	0.046457458999173654	9.18144281788953E-5
48	public	0.013889469432906119	1.3300184127468769E-4	0.06458758593343787	0.9003915874802778	3.344970634413368E-5	3.637468513889937E-5	3.623899641038171E-5	6.375953656499931E-5	0.020778366464852205	5.016592279294849E-5
49	public	0.09841345072291718	0.008039719793575697	0.049255320701670685	0.504173696076317	2.1014114156986817E-5	2.285167403472104E-5	0.33996795664887386	4.0055663454529855E-5	3.4418859613787874E-5	3.151574538550435E-5
50	public	0.06735693525996671	1.0506067997810586E-4	0.021916829162997063	0.0573478972240535	2.6422558213496415E-5	2.873305450553616E-5	0.7648690170264331	5.0364868654510756E-5	0.0791646970841368	0.00913404308106123
51	public	8.049844459529205E-4	0.3658840375643587	0.22744616985630364	7.334023724280681E-4	3.651059610215132E-4	3.970323158553507E-4	0.4025277585566196	6.959399473452476E-4	5.980043090409511E-4	5.47564671074091E-4
52	public	7.398982458460393E-4	0.001334346977898982	0.22060680995836623	0.27788776582482866	3.3558568922156443E-4	3.649306710489476E-4	0.2313749543316095	0.012190239677657286	0.012100222525957688	0.24306524609756516
53	public	0.017352643772456357	6.542355772891289E-4	0.487604789631874	0.08527985952662948	1.6453898480254346E-4	1.7892694493912382E-4	0.4079351094721691	3.1363293028506686E-4	2.6949716636192315E-4	2.467659931933044E-4
54	public	7.398982458460393E-4	0.012884916226091784	0.463168764170415	6.741038682014331E-4	0.16204355516392077	3.649306710489476E-4	0.35843121606173034	6.39670429464483E-4	5.496532777648848E-4	5.032918855163546E-4
55	public	0.024197036482306932	2.3170434414961332E-4	0.6019128958280373	0.18063122507522614	5.827319528951276E-5	6.33688412354437E-5	0.11037734713141052	1.1107636902984784E-4	0.08232967798653522	8.739474677943749E-5
56	public	0.07814176455684406	5.619444130151554E-4	0.7836486590251948	0.11702913862510234	1.4132793513935252E-4	1.5368622639422104E-4	0.019610654224901297	2.693896190139118E-4	2.3147996259697602E-4	2.119554117978375E-4
57	public	0.0032722664111106727	0.005901269290824129	0.005068262411455295	0.9735664428331682	0.0014841578352892217	0.0016139386516480973	0.0016079181656229566	0.002828999895957209	0.002430890961946109	0.0022258535429781506
58	public	0.0027170761423136154	0.004900028293852732	0.004208353829135798	0.9356349611331745	0.0012323476572689662	0.0013401091642970561	0.043751450920916174	0.0023490166014031983	0.0020184529642339626	0.001848203293404041
59	public	0.002165867180028654	0.003905967262967657	0.0033546117087141537	0.9825039997584977	9.823432268597704E-4	0.0010682433264954866	0.0010642584513504195	0.001872475299124098	0.001608972586960094	0.0014732611990019983
60	public	4.7599410693795137E-4	0.11231974825381687	7.372453025452205E-4	0.6840631648348962	2.1589024077158585E-4	2.3476856423897542E-4	0.02252615903854628	0.15645737880446914	0.022645871235539163	3.237796182386466E-4
61	public	0.17830765862178777	0.00997961154083415	0.008570917129977578	0.6961374091656223	0.002509853038650826	0.0027293248283432156	0.0891061149761876	0.004784109760015789	0.004110869425340006	0.003764131513240806
62	public	0.27269906600524635	0.0015701107219791314	0.014939900040642549	7.932102584420931E-4	3.9487981575765587E-4	0.014020831530941798	4.278078880140465E-4	7.526928276306375E-4	0.6122607522676811	0.0821407486436648
63	public	6.632850471608205E-4	0.0011961812359111733	0.001027331595371084	6.043033870150816E-4	3.0083727181607473E-4	3.2714371025485353E-4	3.259233639091044E-4	5.734353789277917E-4	0.9945303807781752	4.511782314589204E-4
64	public	5.741145105760227E-4	0.001035369344982168	8.892194669552828E-4	0.009485577594720969	2.6039339166624543E-4	2.83163252217038E-4	2.82106966464748E-4	4.963440278494366E-4	0.9863031885907132	3.905228538550025E-4
65	public	5.741145105760227E-4	0.001035369344982168	8.892194669552828E-4	5.230622109765083E-4	2.6039339166624543E-4	2.83163252217038E-4	2.82106966464748E-4	4.963440278494366E-4	0.9952657039744577	3.905228538550025E-4
66	public	6.632850471608205E-4	0.0011961812359111733	0.001027331595371084	6.043033870150816E-4	3.0083727181607473E-4	3.2714371025485353E-4	3.259233639091044E-4	5.734353789277917E-4	0.9945303807781752	4.511782314589204E-4
67	public	5.845933646233663E-4	0.0010542671154640123	9.05449680333677E-4	5.326092481364025E-4	2.651461444636372E-4	2.8833160510987195E-4	2.872560398166077E-4	5.054033993324646E-4	0.995179292646831	3.9765075588902855E-4
68	public	5.845933646233663E-4	0.0010542671154640123	0.037409853781982416	0.01878481129896077	2.651461444636372E-4	2.8833160510987195E-4	2.872560398166077E-4	5.054033993324646E-4	0.9404226864943579	3.9765075588902855E-4
69	public	6.632850471608205E-4	0.0011961812359111733	0.001027331595371084	6.043033870150816E-4	3.0083727181607473E-4	3.2714371025485353E-4	3.259233639091044E-4	5.734353789277917E-4	0.9945303807781752	4.511782314589204E-4
70	public	5.845933646233663E-4	0.0010542671154640123	9.05449680333677E-4	5.326092481364025E-4	2.651461444636372E-4	2.8833160510987195E-4	2.872560398166077E-4	5.054033993324646E-4	0.995179292646831	3.9765075588902855E-4
71	public	5.845933646233663E-4	0.0010542671154640123	9.05449680333677E-4	5.326092481364025E-4	2.651461444636372E-4	2.8833160510987195E-4	2.872560398166077E-4	5.054033993324646E-4	0.995179292646831	3.9765075588902855E-4
72	public	3.396898775655157E-4	0.21803178297854256	0.1755220550206962	3.094834482192212E-4	0.1009092981389529	1.675409499407209E-4	0.22819190921499782	2.9367493582662914E-4	0.2760035023668829	2.3106306837540827E-4
73	public	0.07551436604561325	0.002847069617247203	0.7418017838221259	0.001438322021043622	0.025361252469346257	7.786453172630106E-4	7.757407314868807E-4	0.0013648520774164593	0.14904410400878385	0.0010738638896734926
74	public	0.024418526279374037	0.0026510616265356074	0.025225352038931965	0.0013392999923467653	6.667368816697285E-4	7.250390748342487E-4	7.223344567787464E-4	0.07011640898087633	0.8731353074977917	9.999331708608786E-4
75	public	0.004112611634979958	0.3926292370902765	0.45578438591358567	0.003746903614266827	0.0018653019084364166	0.00202841151758757	0.0020208449206897262	0.13195966818470292	0.0030551639742785806	0.0027974712411958625
76	public	0.0027170761423136154	0.004900028293852732	0.004208353829135798	0.0024754640898453487	0.0012323476572689662	0.8072505838835358	0.001335110146219402	0.0023490166014031983	0.0020184529642339626	0.17151356639219112
77	public	5.101085325864299E-4	0.1761129033141542	7.9008356186772E-4	0.26325419327559507	2.3136306167353553E-4	2.515943917284208E-4	2.506558675051748E-4	4.410084034460015E-4	0.1676085948947663	0.3905494946966772
78	public	0.0031132318517122118	0.054215200302095944	0.4422285745576429	0.0028363922277547947	0.0014120266705981168	0.0015355000436272175	0.0015297721576602878	0.00269150841590405	0.0023127478695114125	0.48812504590349304
79	public	0.005533715889186869	0.00997961154083415	0.9588276021592825	0.005041638235218651	0.002509853038650826	0.0027293248283432156	0.0027191436098871545	0.004784109760015789	0.004110869425340006	0.003764131513240806
80	public	0.15367530098049753	0.021699490840840878	0.7877316366534728	4.0648275635160787E-4	2.023572365945453E-4	2.2005217896315694E-4	0.03504403686176157	3.857194886287808E-4	3.31439396690724E-4	3.0348360619843537E-4
81	public	0.4543207214524165	0.0016368521667090119	0.45481888206832594	8.269276249194432E-4	4.116651602747066E-4	4.4766284144892447E-4	4.4599292179109493E-4	7.846879003670145E-4	0.08568921641539141	6.173914483560037E-4
82	public	0.374284777574642	0.08291295340830059	0.02925326450161361	0.0015531556056249127	7.731995304709106E-4	0.45325941879615833	8.37674768231806E-4	0.05469953846079359	0.0012664176987863532	0.0011595996553778508
83	public	0.36721732424883885	0.0032472107307697498	0.0027888434297388643	0.0016404708450898952	0.028925647151490597	0.5911766582833916	8.84767134712694E-4	0.001556675075611717	0.001337613118119583	0.001224789982236369
84	public	0.23322823234445816	0.4371703213279665	0.0028695022097351914	0.26198543342045916	8.402868364377676E-4	0.0587576576047461	9.10356322296973E-4	0.0016016971486010523	0.0013762994929314924	0.0012602132923675367
85	public	5.793065544824758E-4	0.0010447327785821124	0.9142976802497056	5.277925599141649E-4	2.627482771421846E-4	2.8572405848673125E-4	2.846582201418789E-4	0.0728493807938664	4.303534280418231E-4	0.009437623079636687
86	public	0.0013464255070643582	0.06548541268881389	0.9269249741196888	0.001226696573012315	6.10680095959719E-4	6.640804550747078E-4	6.616032313616108E-4	0.0011640365241857977	0.0010002283386655946	9.158624661731411E-4
87	public	0.004718484686224468	0.008509407633649614	0.007308243147018655	0.00429890028377632	0.002140099593961636	0.3706291262296159	0.2969600673968042	0.07773968861713	0.22448638559517248	0.0032095968166467436
88	public	0.6442396754259543	0.0013042180559587912	0.0011201182361962874	6.58882922554596E-4	3.2800832351214315E-4	0.05680550507198783	3.553601438541937E-4	6.252269745340948E-4	0.12472463396475489	0.16983837088069298
89	public	0.7249779270538554	0.2142348153798141	0.02651912440346509	3.7755643184491457E-4	1.8795699205637775E-4	2.0439271829076562E-4	2.0363027078208648E-4	3.582707299242893E-4	3.078533444088764E-4	0.032628472675558
90	public	0.0017047478323984682	0.003074375606391246	0.002640405234310498	0.10800459267483735	7.731995304709106E-4	8.408112520054058E-4	0.47986914157968785	0.0014738199261873708	0.400459306708333	0.0011595996553778508
91	public	0.0013187074877499558	0.002378182893243484	0.4137699690665297	0.495274424023382	5.981084069907253E-4	6.504094463308143E-4	0.08299348000051299	0.001140073232722017	9.79637263805171E-4	8.970081787331529E-4
92	public	0.008874771677720932	4.96707626255767E-4	0.35729946268100593	0.01314995299001656	1.2492100919740538E-4	1.358446119090095E-4	1.353378698548715E-4	2.3811586181698863E-4	0.5548624396181548	0.06468244605406773
93	public	0.8584638926757564	5.358772773806025E-4	4.6023432049172204E-4	2.7072189733760854E-4	1.3477210084524157E-4	0.1393087324068097	1.4601042019631526E-4	2.5689333722031234E-4	2.207422108871216E-4	2.021233530748642E-4
94	public	0.0017047478323984682	0.08291295340830059	0.002640405234310498	0.0015531556056249127	7.731995304709106E-4	0.5597108558653707	8.37674768231806E-4	0.0014738199261873708	0.0012664176987863532	0.34712677013031834
95	public	0.0012124961436604143	1.31637837681289E-4	1.1305620397339256E-4	0.9048316320045956	0.047892219299325134	0.027384066007821367	3.586734650801055E-5	6.310564909882147E-5	0.018286268062375093	4.9651444960912906E-5
96	public	1.9088770208301425E-4	0.4085977420225446	0.10459399437139923	1.7391329022425938E-4	0.29212192258229996	9.414913146130264E-5	0.15207137501853485	0.04188436463242409	1.4180605471629697E-4	1.29845194312348E-4
97	public	0.36987467677435804	7.621412410737757E-4	0.4162881357968672	0.21150049638867546	1.916770509516486E-4	2.0843807431337148E-4	2.0766053638636946E-4	3.65361651103589E-4	3.1394640090960825E-4	2.8746608536092054E-4
98	public	0.22817950221875952	0.004346890701887827	0.6057843410823163	0.15270878375545044	0.0010932346206237466	0.0011888315161578977	0.0011843968100914888	0.002083848870021768	0.0017906007672310459	0.001639569657460011
99	public	7.757391614578552E-4	0.0013989831865942387	0.12230233299031151	0.26712857577928195	3.518415709396918E-4	3.8260803338716065E-4	3.811807881100482E-4	6.706562765191619E-4	0.606080410702578	5.276715108204763E-4
100	public	3.916061507512275E-4	7.062301968077449E-4	6.065406921661595E-4	3.5678314216169474E-4	0.3547532497952397	1.931469579538344E-4	0.1530267515743701	3.3855854644652787E-4	0.48936075550761376	2.663774364892855E-4
101	public	0.5364511681713287	0.01524880326489268	0.4090930799714656	0.00770360141444784	0.0038350445860120654	0.004170396531277604	0.00415483967351835	0.007310099018346759	0.006281390699244849	0.005751576669465649
102	public	0.337474917194795	0.18100616798265282	0.2569108622381602	2.771500308668331E-4	1.3797218576178216E-4	1.500370365998961E-4	1.4947735245007986E-4	2.6299311965631144E-4	2.259836059167565E-4	0.22340443925314024
103	public	0.7684270670232803	0.0013042180559587912	0.22691537568588013	6.58882922554596E-4	3.2800832351214315E-4	3.566907095668693E-4	3.553601438541937E-4	6.252269745340948E-4	5.372423674287862E-4	4.919277934301044E-4
104	public	0.9951981383098689	0.0010839436533222314	9.309371600463571E-4	5.47601652133563E-4	2.726097364496898E-4	2.964478440300228E-4	2.9534200267704243E-4	5.19629986592906E-4	4.465054381125998E-4	4.08844216766632E-4
105	public	0.006056958160352084	0.010923236893587839	0.9549345329474007	0.005518351946839438	0.002747172993367104	0.002987397008145667	0.0029762531013306703	0.005236472784511823	0.004499573995226158	0.0041200501692385365
106	public	0.007600298508914104	0.1698071729802803	0.8214988200515622	2.1489797946869848E-4	1.0698156464335129E-4	1.1633646913169927E-4	1.1590249843156988E-4	2.0392092272746845E-4	1.7522430054462326E-4	1.604447242960149E-4
107	public	0.482662617801574	0.11131659153395106	0.31216114648683735	0.034182905065409115	3.6703503800530784E-5	3.9913007920108283E-5	3.9764120162721123E-5	6.996170216136896E-5	6.011639297317592E-5	0.05943028038521064
108	public	0.7919189267731157	0.0011719119731193643	0.19375152507105237	5.920427050505482E-4	2.9473359907143936E-4	3.2050630746294743E-4	0.0104637863499461	5.618009764747902E-4	4.8274194639479876E-4	4.420242983119258E-4
109	public	0.26582061177954525	0.7320326272692964	5.375318991392154E-4	3.161903602907724E-4	1.5740743376314016E-4	1.7117178198069682E-4	1.7053325875042354E-4	3.00039256708864E-4	2.5781645252264025E-4	2.3607050800261234E-4
110	public	0.9877818201099551	5.619444130151554E-4	4.826218912328739E-4	2.8389085358004846E-4	1.4132793513935252E-4	1.5368622639422104E-4	0.00988188357727444	2.693896190139118E-4	2.3147996259697602E-4	2.119554117978375E-4
111	public	0.330175043909691	0.6682499233121205	3.943757035497401E-4	2.3198213165582512E-4	1.1548648095807243E-4	1.2558509002833458E-4	1.251166191365138E-4	2.2013241101892915E-4	1.891544390447072E-4	1.73199902796397E-4
112	public	0.008455493941096638	0.01524880326489268	0.9370887542016976	0.00770360141444784	0.0038350445860120654	0.004170396531277604	0.00415483967351835	0.007310099018346759	0.006281390699244849	0.005751576669465649
113	public	0.8149194950526955	0.06687204252713717	2.6416873951591623E-4	0.002817969207711763	0.0054025139532037445	8.412195436018734E-5	0.10924951546418636	1.4745356020172716E-4	1.2670326616603622E-4	1.1601627482163783E-4
114	public	0.9191846589420318	0.07589773471037468	0.0012313295887996603	7.243003567652819E-4	3.6057475100539026E-4	3.921048783484559E-4	3.9064220692778216E-4	6.873028655205412E-4	5.905826742168311E-4	5.407690260095619E-4
115	public	0.008455493941096638	0.01524880326489268	0.9370887542016976	0.00770360141444784	0.0038350445860120654	0.004170396531277604	0.00415483967351835	0.007310099018346759	0.006281390699244849	0.005751576669465649
116	public	0.057290800613130174	0.3377193179351094	0.5893326954706439	2.771500308668331E-4	1.3797218576178216E-4	1.500370365998961E-4	1.4947735245007986E-4	2.6299311965631144E-4	0.014472633601594632	2.0692265418688154E-4
117	public	0.3199785931096779	0.012063947276757822	0.3236501423967297	0.006094631800976927	0.0030340594527954057	0.0032993699900594007	0.0032870623283669086	0.11021301895093155	0.0049694631705867265	0.21340971152311775
118	public	0.42629675417360763	0.3867495559877213	1.0339505105973135E-4	0.032366760874074696	3.0277551299157514E-5	3.2925143914660334E-5	0.1542676183432357	5.771299213500686E-5	4.9591373675319894E-5	4.5408509276777376E-5
119	public	0.11971449400621503	0.015732756614248534	0.0939320246369482	0.7579201375526197	2.2723412767794007E-5	0.0125386339438525	2.461826316953983E-5	4.331381125872954E-5	3.721850695956261E-5	3.407925196035014E-5
120	public	0.7183380460025235	0.0012754196843601418	0.2771072399888556	6.443341627386755E-4	3.2076558864522825E-4	3.4881464041343227E-4	3.475134548536038E-4	6.11421369969837E-4	5.253795464341955E-4	4.810655612058395E-4
121	public	0.4413403075325083	0.5572270286769667	3.587276392992684E-4	2.1101300536383174E-4	1.0504752780705761E-4	1.1423331222372977E-4	1.1380718694372225E-4	2.0023439432829317E-4	1.720565561486905E-4	1.5754416841041018E-4
122	public	2.546242209494045E-4	4.591943035832233E-4	0.23094117500411615	0.15922977475273611	0.5804574295479011	1.2558509002833458E-4	1.251166191365138E-4	2.2013241101892915E-4	0.028013768147733757	1.73199902796397E-4
123	public	1.7379679749017065E-4	0.6514684615398395	0.0029823318087815426	1.5834216951708197E-4	0.34464836496683066	8.571960035088861E-5	8.539983995884014E-5	1.502540014309244E-4	1.291096173586415E-4	1.1821965844170039E-4
124	public	1.7193090294385333E-4	0.7894111927754632	0.008318348179012931	1.566421969351897E-4	0.20137928886016632	8.479930873955286E-5	8.448298131738801E-5	1.486408639860404E-4	1.2772348749672487E-4	1.1695044393867515E-4
125	public	3.506960751222561E-5	0.7287491205505015	0.04987431368093803	3.1951093563231035E-5	0.20422314233805522	1.7296939781531466E-5	1.7232416892680598E-5	3.031902160120022E-5	2.6052399539049425E-5	0.016995501951615415
126	public	5.505210404412233E-5	0.1719832251625677	8.526766300291754E-5	5.0156675593055504E-5	2.496924189571379E-5	2.7152654279516274E-5	0.8276482374924878	4.759465674440164E-5	4.089693360619459E-5	3.744741577853975E-5
127	public	3.0859710536854313E-4	0.3426002234064217	4.77971813087317E-4	2.8115555566269994E-4	1.3996623573348974E-4	1.5220545443668868E-4	0.655333923528654	2.6679404097907283E-4	2.2924964537606251E-4	2.099132142801993E-4
128	public	0.008456650358551723	0.49824619332462855	0.12594616276647055	6.120236452263665E-5	3.0468060857026806E-5	0.04302918900286372	0.11853433569486231	5.807612839085262E-5	0.08604201678876446	0.11959570551008818
129	public	0.030270596040128613	0.2134399518944301	0.12766983895554387	1.3522790725873995E-4	6.731981909626664E-5	0.016292836280269573	0.6025163238556704	0.009396680275301519	1.1026262565198889E-4	1.0096234664884731E-4
130	public	0.05896906996448345	0.22256524507927952	0.001797349331944051	9.542740742733558E-5	4.7506139339583405E-5	5.166026998455498E-5	0.7145990117324516	9.055294528214395E-5	0.0017129301868965795	7.124694291131054E-5
131	public	1.661341137667148E-4	0.32449006345703213	0.0028508410923867977	1.513608788223334E-4	7.535121401439017E-5	8.194023159452794E-5	0.6640236842481048	0.007924200211944565	1.2341718701606498E-4	1.1300736531768605E-4
132	public	0.04410430604241361	0.1956060840047247	2.422393757380926E-4	1.4249155373642722E-4	7.093584316089651E-5	7.7138762699257E-5	0.7593990206440377	1.3521304011625325E-4	1.161852842856479E-4	1.0638544908739771E-4
133	public	6.244873042148293E-4	0.0011262126269302333	0.35192714537084724	0.13705336349158415	2.8324030171935033E-4	0.2830257098908324	3.068590250593666E-4	5.398932411651364E-4	4.6391716105739035E-4	0.22464917158658992
134	public	0.5205155144145222	0.42870540916103267	0.0011459942427029849	0.023775242364587033	3.3558568922156443E-4	3.649306710489476E-4	3.635693677534649E-4	0.023740808925850086	5.496532777648848E-4	5.032918855163546E-4
135	public	0.07058771587561344	5.076206403676352E-4	0.567280019439929	2.564468184950745E-4	0.07482804470551416	1.388292130876935E-4	0.08802111027206576	2.4334743391878362E-4	2.0910254488567037E-4	0.19792776305612275
136	public	0.23424121009622723	6.433058945747495E-4	5.524986106989697E-4	3.24994172544566E-4	1.617901906976898E-4	1.7593778506288922E-4	0.3342959894907547	3.0839336744900006E-4	2.649949371603791E-4	0.4290308854548298
137	public	0.00974134032995134	0.017567723809228736	0.7754493991736056	0.008875105779414484	0.1564905459770183	0.004804598312651005	0.004786675687792748	0.008421762569925436	0.007236616213434262	0.006626232146978082
138	public	0.051575717826364074	0.009487683663960543	0.7152764543471888	0.009001520024538887	0.09380375692584958	2.6871317635562527E-4	0.11933981288560469	4.7101514495369215E-4	4.047318843821497E-4	3.7059412080211714E-4
139	public	0.24709535344246125	0.009821828156822594	0.2738189826738817	0.009318542434867811	2.558080249484735E-4	2.7817692232554725E-4	0.21158972386595015	4.8760371623360734E-4	4.1898604114389834E-4	0.24691499472136505
140	public	0.2910721250034876	0.0033411263852456967	0.46562064348197074	0.0016879164548267188	8.402868364377676E-4	9.13764945716663E-4	0.23228592695841474	0.0016016971486010523	0.0013762994929314924	0.0012602132923675367
141	public	0.005093687640811231	0.009186055985449859	0.007889377685741498	0.004640738860185342	0.0023102753482898415	0.002512295250476601	0.002502923618890062	0.004403688451822123	0.003783982626531271	0.9576769745318022
142	public	0.4018038044499524	8.915412120705304E-4	0.2554428402010717	4.5040112479891823E-4	2.2422089387365347E-4	0.03883127412074326	2.4291813161597285E-4	4.2739449292897227E-4	3.6724971659818465E-4	0.3013183556563463
143	public	0.44163608215104944	5.09861041135769E-4	0.11960329850565334	0.03997938133559656	1.2822906764939284E-4	1.3944194048864356E-4	0.13254493071410742	2.4442145600244076E-4	2.100254259998845E-4	0.265004328362317
144	public	0.0013753337585433107	0.2601247230062297	0.002130190979549446	0.044193770731509124	6.237916225124839E-4	6.783385070031901E-4	6.758080963846965E-4	0.001189028817034748	0.0010217036094464962	0.6879873108717868
145	public	2.7076857298002335E-4	0.9980543342936808	4.19380945261192E-4	2.4669087061357416E-4	1.22808857424901E-4	1.335477649681129E-4	1.3304959085730744E-4	2.3408982293986598E-4	2.0114770441712748E-4	1.841815768570498E-4
146	public	2.2121079434485604E-4	0.9949571153384784	3.4262318929150366E-4	2.0153994551678987E-4	1.0033160275786811E-4	1.0910500744765509E-4	1.0869801231686699E-4	0.0036445722333958213	1.6433237796042118E-4	1.5047149848975292E-4
147	public	3.989224356991673E-4	0.9971334572026628	6.178725482360794E-4	3.634488370892867E-4	1.8093388014046863E-4	1.9675547681521381E-4	1.9602151855891564E-4	3.448837555695497E-4	2.9635024219482346E-4	2.713541030337684E-4
148	public	0.018241152756845784	0.6639645974575219	8.202494565156256E-5	4.8249224204053345E-5	0.12403443518773734	2.61200426179944E-5	2.6022606850285923E-5	4.578463857547899E-5	0.03972267459615857	0.15380893854383706
149	public	5.331107370756061E-5	9.614223373227931E-5	8.257106147254149E-5	4.857046385229066E-5	2.417958619814873E-5	0.9978825926512733	0.0016906767619662565	4.6089469200909515E-5	3.9603562475026394E-5	3.6263136121507486E-5
150	public	1.8698721104434303E-4	3.3721639612414536E-4	2.896158607199814E-4	0.023522854308055476	0.0030038711056094842	0.9721398157040898	9.188131270623612E-5	1.616576201722605E-4	1.3890847022230115E-4	1.271920112560106E-4
151	public	0.007982406475360767	4.467632876841869E-4	3.83699415532304E-4	2.257020590495166E-4	1.1236010445533479E-4	0.9901606210740025	1.2172954166281032E-4	2.1417312650708723E-4	1.8403377047197106E-4	1.6851114527355167E-4
152	public	9.143520985190602E-5	0.3270388668284446	0.06722929063538137	8.330446652228615E-5	4.147103752379373E-5	0.605261532418185	4.492920698609169E-5	7.90492480317548E-5	6.792510062076565E-5	6.219584845255201E-5
153	public	1.004700854591708E-4	0.5020822815438367	1.5561347813229575E-4	9.153592892913619E-5	4.556886445434434E-5	0.49567688176937513	4.9368741787946015E-5	0.0016553011566902045	7.463690054678473E-5	6.834153078835283E-5
154	public	0.10345119587928205	0.04365021960276607	6.452715345815542E-5	3.79565639418694E-5	1.889572256112377E-5	0.8429058116127756	2.0471391139259576E-5	3.6017730653989586E-5	0.0013316980254786698	0.008483206317943116
155	public	0.307355848246931	0.17769348397084636	9.222833829880935E-4	5.425112735154566E-4	2.7007561923491437E-4	0.5115610027869701	2.9259657156010117E-4	5.147996261241719E-4	4.423548265755801E-4	4.050436952542211E-4
156	public	0.1860755199804151	0.07687505100770353	0.11890464205411715	0.08482641001544257	2.4502133902381894E-4	0.5315720722992607	2.6545307555168803E-4	4.670428751741225E-4	4.0131860935185837E-4	3.6746874395952503E-4
157	public	1.1346092917465867E-4	2.0461766033882356E-4	1.7573439636582968E-4	0.1205477789289788	5.146094659713506E-5	0.8661929490384548	5.575215040222565E-5	9.809132769277495E-5	8.428749759744334E-5	0.012475867124397673
158	public	8.25737934595706E-4	0.0014891519526505246	0.0012789473746435134	7.523103872143164E-4	0.013265133528032987	0.9800939844699144	4.0574906143713463E-4	7.13882134757568E-4	6.134215952983603E-4	5.61681561455587E-4
159	public	0.0013187074877499558	0.0641373054788742	0.002042485162324913	0.0012014433383363016	5.981084069907253E-4	0.9270372482307915	6.479832196720404E-4	0.001140073232722017	9.79637263805171E-4	8.970081787331529E-4
160	public	1.781468429936936E-4	0.011445492045017484	0.005838032693507008	1.6230539353773637E-4	8.07996659328808E-5	0.9818001514198891	8.753735454587126E-5	1.5401478271544658E-4	1.3234116545712872E-4	1.2117863640365865E-4
161	public	7.231916943553018E-4	0.04646326954589556	0.0011201182361962874	6.58882922554596E-4	3.2800832351214315E-4	3.566907095668693E-4	0.519684452278127	6.252269745340948E-4	0.3843891800318913	0.04565097928336687
162	public	4.6065303438580124E-5	8.307506981447725E-5	7.134842233422958E-5	4.196901318817455E-5	2.089321969666238E-5	0.9996086330116806	2.263545472713698E-5	3.982522272407143E-5	3.422084748599099E-5	3.1334434910000146E-5
163	public	6.861499166796479E-5	0.023689047764505557	1.0627459364319543E-4	6.25135031197368E-5	3.112077829498902E-5	0.10822002031998328	3.3715864687050685E-5	5.93202936138356E-5	0.8526865948476027	0.015042777042881716
164	public	0.07621791771830187	1.570500011205757E-4	1.3488125658594815E-4	0.05717746556072687	3.949777212466984E-5	0.8660311787866355	4.279139576048964E-5	7.528794483604072E-5	6.469310405665596E-5	5.923645985152754E-5
165	public	0.002313236623867342	0.019716139911377224	0.0023397795316118953	4.406021463496457E-5	2.193427184296524E-5	0.974675496130062	2.3763317692651648E-5	4.180960493972904E-5	3.592597897078962E-5	7.87854415000305E-4
166	public	3.6277502330652725E-4	6.542355772891289E-4	5.618854895788328E-4	3.305157808803367E-4	1.6453898480254346E-4	0.11910800818898792	1.7825949257318222E-4	3.1363293028506686E-4	0.8157831971255537	0.06254295140674268
167	public	0.04568155535881308	0.16039525872588967	0.019671301524192986	0.001378835898460998	3.785112214476548E-5	0.665773440348809	0.0729979695583758	0.03394502448483405	6.199606843250469E-5	5.676691004714249E-5
168	public	0.2223400737881979	2.883903062402011E-4	2.47681926872578E-4	1.4569300504912078E-4	7.252960533310602E-5	0.7764612313582149	7.857767360560978E-5	1.38250960283607E-4	1.1879569536713554E-4	1.0877568083588676E-4
169	public	8.475898427457332E-4	0.001528560111495359	0.0013127927865938702	7.7221914614734E-4	3.844299174270665E-4	0.5164561146221172	0.38413710169907206	0.09335499138619117	6.296548719786498E-4	5.76545616231635E-4
170	public	1.1592490081745825E-4	2.0906123502447367E-4	1.7955072831780364E-4	1.0561644726236702E-4	5.2578497053043754E-5	0.9664403963920102	5.6962890686263996E-5	1.0022152574066421E-4	8.611792508850449E-5	0.03265356945799935
171	public	1.7010464757666525E-4	0.008273293240805125	2.6346723738610164E-4	0.5896776944035084	7.715207559592581E-5	0.38247701169099463	8.358560047761356E-5	1.4706199613279223E-4	1.263668046633133E-4	0.018704262302859414
172	public	2.7286572195116324E-5	9.011518033190803E-4	0.0055798902345408855	2.4860153365619774E-5	1.2376003305862013E-5	0.9933786055638748	1.3408008272534846E-5	2.3590288871012756E-5	2.0270562783757057E-5	1.856080947138218E-5
173	public	1.1306041462659255E-4	2.0389536456394235E-4	1.75114057868233E-4	1.0300668134859034E-4	5.127929060401624E-5	0.9778595820088513	5.555534655543458E-5	9.774506749496184E-5	0.021263856072507747	7.690569557927977E-5
174	public	0.6483071234574992	0.0032472107307697498	0.05900680327147092	0.0016404708450898952	8.166672306245703E-4	0.28197787915386535	8.84767134712694E-4	0.001556675075611717	0.001337613118119583	0.001224789982236369
175	public	0.695478848191023	6.225066580422973E-4	0.16758226072111446	0.03803491806481244	1.565592228590129E-4	0.08638837863058188	0.010946880471407532	2.9842245524579176E-4	2.5642717425880567E-4	2.34798410654707E-4
176	public	0.9934870250445494	0.0014702001687629958	0.001262670772242647	7.427360628148138E-4	3.6975250448338925E-4	4.020851720350461E-4	4.005852710588341E-4	7.047968698757589E-4	6.05614847648904E-4	5.545332865281228E-4
177	public	0.6188050806211903	0.004189256558705917	0.0035979126696430784	0.002116386590509201	0.0010535899378982339	0.0011457201406278401	0.0011414462532106646	0.002008280894272156	0.364362213464303	0.001580112869639576
178	public	0.924450881086253	2.604339059604869E-4	2.2367177486721406E-4	1.315696039535403E-4	6.549862462762712E-5	7.122609159403673E-5	7.09603964335488E-5	1.248489869817575E-4	0.07450267850415013	9.823102517879388E-5
179	public	0.9722997775326516	0.020439861290328366	0.001817936799071359	0.0010693581021046631	5.323530877770069E-4	5.789042137287858E-4	5.767447235120479E-4	0.0010147349521219676	8.719371207503995E-4	7.983921779538338E-4
180	public	0.8302305476886659	0.041975081043756975	0.003733295612409831	0.0021960223879738607	0.0010932346206237466	0.0011888315161578977	0.0011843968100914888	0.11496841989562921	0.0017906007672310459	0.001639569657460011
181	public	0.8358413166344449	0.003440636283166829	0.0029549655652179904	0.15065488046962217	8.653133836787347E-4	9.409799163546227E-4	9.374697727499906E-4	0.001649401036865111	0.001417290286531911	0.001297746651367701
