0	address	3.640305045967529E-5	0.9996671412386834	1.9810333429045765E-5	5.963221000402586E-5	4.472144581485356E-5	1.795183959538204E-5	4.054537440914304E-5	3.09809236407214E-5	3.0196111643761615E-5	5.261747232012745E-5
1	config	1.8108037348825169E-4	0.7651095908111736	9.854291140332097E-5	2.966296154609451E-4	2.224587227946426E-4	8.929817083142215E-5	2.0168561284064743E-4	1.5410898683029976E-4	0.028138364718478817	0.205508240076698
2	name	1.6422687727621002E-4	9.059674446087444E-5	0.6431316581484089	2.6902173060712486E-4	2.017540645827554E-4	8.098701951856458E-5	1.829143476474393E-4	1.397657690880714E-4	0.07628596969914121	0.2794531055992688
3	instance	5.515964238958787E-4	3.0429148437852074E-4	3.001756429107808E-4	9.035757545556557E-4	6.77640727121267E-4	0.05710927619488794	0.14270751624431655	4.694377661603704E-4	4.5754591958467925E-4	0.7965189438421884
4	config	1.5764995648304437E-5	0.9998558495275148	8.579221146489386E-6	2.5824800925780154E-5	1.9367426349009817E-5	7.774366969981164E-6	1.7558903527248957E-5	1.3416846121658278E-5	1.307696917287033E-5	2.2786942623681095E-5
5	cmdb	7.334956931208414E-6	4.046373101344183E-6	0.9999328765850864	1.201546811514671E-5	9.011054700393579E-6	3.617168578055029E-6	8.169605879051839E-6	6.242436766266951E-6	6.0843027054092655E-6	1.0602048136727175E-5
6	name	2.2520112965893584E-4	1.2423355746877114E-4	0.6382610724064876	3.689042782785876E-4	2.766614333225234E-4	1.110559281512506E-4	2.508268951113875E-4	0.058204250743991146	1.8680298402506786E-4	0.3019909906435048
7	rest	2.4824309008287295E-4	0.15361282072827756	0.8442524101217987	4.06649549775182E-4	3.0496867053355286E-4	1.2241886538509223E-4	2.76490813401534E-4	2.1126801520970152E-4	2.0591615175871903E-4	3.588139937769101E-4
8	flow	3.789559574634517E-5	2.0905333286280366E-5	2.0622568102061264E-5	6.207716373321428E-5	4.6555049931024034E-5	0.9996512763863064	4.220775727833877E-5	3.225115871642914E-5	3.143416899171871E-5	5.477481790837378E-5
9	etcd	8.288068186598317E-5	0.02139607294821071	4.5103196623880926E-5	1.3576769429759627E-4	1.0181959688442945E-4	0.9693468218713526	9.231172209767978E-5	7.053584915981931E-5	6.87490276538391E-5	0.008659937411853528
10	sentinel	5.5905348351672324E-5	3.084052161628918E-5	0.07779804697922586	9.15791240337962E-5	6.868017859765172E-5	0.9217179230725151	6.226684994168317E-5	4.757841187813851E-5	4.637315057375386E-5	8.080636326616899E-5
11	bucket	0.025734403064142954	6.855489593402084E-5	6.762762357187073E-5	0.5188087421614717	0.15381345988170858	6.128318106948588E-5	1.3841197211258464E-4	1.0576128107019441E-4	1.0308212523997167E-4	0.3010986738136786
12	jdbc	2.5814796119933385E-4	1.4240887522044897E-4	1.404826551844081E-4	4.2287482065279393E-4	3.1713688587112725E-4	0.013427265527857042	0.4923861228201053	2.1969758503572978E-4	0.11991379165558919	0.3727720712132846
13	flink	0.0015924994766998563	8.785119131383066E-4	8.666291758695229E-4	0.9871688320733778	0.001956398657752775	7.85326910806932E-4	0.001773710903724522	0.0013553013844314827	0.0013209687480539164	0.0023018207561449388
14	kafka010	7.546877182182365E-5	0.023370853883482933	4.1069677249356425E-5	0.5872423567236282	9.271400465414014E-5	3.7216751593568263E-5	0.3889044077675793	6.422792121942962E-5	6.260089280357756E-5	1.0908360596779067E-4
15	flink	3.5819019924301996E-4	1.975977774614267E-4	1.9492507326771582E-4	0.9971139716757196	4.400395951598284E-4	1.766383014679365E-4	3.9894886704841634E-4	3.0483882728166763E-4	2.9711661823573246E-4	5.177330651146385E-4
16	kafka	4.952941031365611E-4	2.7323197054628036E-4	2.6953623953697035E-4	0.8939377070364687	6.084728646676107E-4	2.442498686173418E-4	5.516539026463691E-4	4.2152150974191356E-4	4.108434827838267E-4	0.10278748902185429
17	flink	4.113249289902052E-4	2.2690987066287675E-4	2.238406915926139E-4	0.9966858518238156	5.05316046096485E-4	2.0284121944652922E-4	4.581298281086635E-4	3.50059296011106E-4	3.411915573231701E-4	5.945347379526601E-4
18	serializer	1.670537891337229E-4	9.215622738727611E-5	9.090972381532866E-5	2.7365252389014425E-4	2.0522694896641915E-4	8.238108588321087E-5	1.8606293542338602E-4	1.421716207760686E-4	1.3857011441343654E-4	0.998621815030311
19	type	0.3043916257539448	8.352926431107412E-5	8.239944889568882E-5	2.480352619183753E-4	0.08599735652456497	7.466919699364885E-5	1.6864514262462254E-4	1.2886259806874062E-4	1.2559823726089096E-4	0.6086992785714171
20	allround	1.3650695745831166E-4	7.530488399400153E-5	7.428631140759189E-5	2.2361344588915188E-4	0.042365299172582506	0.07039664928277738	0.24630470249281688	0.17593950488552634	1.1323170106657496E-4	0.46437090086648125
21	continuous	1.0047030815294512E-4	5.542504969103641E-5	5.467537140695356E-5	0.3418003828340374	0.6575135312767543	4.9546036205350556E-5	1.1190288202840549E-4	8.550555257708769E-5	8.333951697894398E-5	1.45221172167653E-4
22	continuous	1.0099307862797817E-4	5.57134391673741E-5	5.495986013211513E-5	0.30195298189176717	0.416382752334703	4.980383580166161E-5	0.21344505941271172	8.595045793430667E-5	0.015693473708570795	0.05217831198058386
23	row	8.252828031026418E-5	4.55272221336179E-5	4.491142169756148E-5	1.351904216978822E-4	0.999301245181791	4.069808522925097E-5	9.19192205672155E-5	7.023593677471041E-5	6.84567126806279E-5	1.1928751711792064E-4
24	c	0.013627332654072021	7.225586016290196E-5	7.127852862122874E-5	0.9787001328181291	1.6090990426355058E-4	6.459157878317355E-5	1.458841993059652E-4	1.1147084729020798E-4	0.006856823423511285	1.8932018586057548E-4
25	c	1.4148212928631433E-4	7.804946745211854E-5	7.699377167630497E-5	0.99157078546323	1.738119552826192E-4	6.977064994524291E-5	1.575814617643327E-4	1.2040878411553523E-4	0.0074066160919227285	2.0450022532484606E-4
26	c	1.8994051595842788E-4	1.0478182787407291E-4	1.033645506436223E-4	0.9886837343605539	2.3334348042864343E-4	9.36674710523755E-5	0.009997421192181482	1.6164943725542301E-4	1.5755451680918097E-4	2.745426472428226E-4
27	c	1.7776352422585126E-4	9.806431715600098E-5	9.673790086183288E-5	0.9985677146749857	2.1838394629400867E-4	8.766249620611481E-5	1.9799133740206338E-4	1.5128617246643102E-4	1.4745377532738248E-4	2.5694185507456693E-4
28	abstract	0.027446043749720237	3.6645782687088785E-5	3.615011245067269E-5	1.0881750703736142E-4	8.160818195988815E-5	3.2758712638223315E-5	0.2567578788879534	0.7153489779345472	5.510219378208768E-5	9.601693722397825E-5
29	blob	6.642868341303644E-5	3.6645782687088785E-5	3.615011245067269E-5	1.0881750703736142E-4	0.013771415715113488	3.2758712638223315E-5	7.398764132339742E-5	5.653432727162986E-5	0.9686089851643993	0.017208276353665976
30	job	9.06197345426176E-5	4.999092152048785E-5	4.931474516207024E-5	1.4844511579436057E-4	1.1132708651966734E-4	4.4688313702919364E-5	1.0093140600834023E-4	0.9991985311344869	7.516852535223857E-5	1.3098301691050125E-4
31	coordinator	2.2520112965893584E-4	1.2423355746877114E-4	1.2255317647303233E-4	0.023573941341188204	2.766614333225234E-4	1.110559281512506E-4	2.508268951113875E-4	0.974803214728921	1.8680298402506786E-4	3.255088256797748E-4
32	operator	5.515964238958787E-4	3.0429148437852074E-4	3.001756429107808E-4	9.035757545556557E-4	6.77640727121267E-4	2.720148558466025E-4	6.143628967131967E-4	0.9951215111993839	4.5754591958467925E-4	7.97285095609583E-4
33	operator	5.363539782790386E-4	2.9588289759046953E-4	2.9188079052531416E-4	8.786069481913315E-4	6.589152577682394E-4	2.64498179763153E-4	5.97386004484608E-4	0.9952563200868502	4.4490240252338474E-4	7.752534540243934E-4
34	file	0.0014717474840024252	8.118983502003035E-4	8.009166268564216E-4	0.00241088463551008	0.001808053845154289	7.25779142794241E-4	0.001639218472657768	0.0012525350443038034	0.00122080569559936	0.9878581607029213
35	memory	0.0014717474840024252	8.118983502003035E-4	8.009166268564216E-4	0.00241088463551008	0.001808053845154289	7.25779142794241E-4	0.001639218472657768	0.0012525350443038034	0.00122080569559936	0.9878581607029213
36	bucket	2.1521307489998217E-4	1.1872358699581234E-4	1.1711773376743758E-4	0.044704250810254684	0.9538261144630632	1.0613040804679538E-4	2.3970229388409762E-4	1.831577232063831E-4	1.7851795261157515E-4	3.1107195327004846E-4
37	bucket	1.9767833159215525E-4	1.0905044040133374E-4	1.075754259900833E-4	3.2381890072115697E-4	0.998326286623976	9.748330580581699E-5	2.2017226209811855E-4	1.682347281106506E-4	1.6397298838792128E-4	2.857269929167354E-4
38	bucket	0.0014717474840024252	8.118983502003035E-4	8.009166268564216E-4	0.00241088463551008	0.9875389303912849	7.25779142794241E-4	0.001639218472657768	0.0012525350443038034	0.00122080569559936	0.0021272841567905676
39	bucket	0.001368016978227203	7.546747928850818E-4	7.444670744089689E-4	0.0022409626310048824	0.9884172013359018	6.746253692145405E-4	0.0015236844132534594	0.001164254890908542	0.001134761864280274	0.001977350649915186
40	window	0.999204601577227	5.046211572762771E-5	4.977956600433903E-5	1.4984429941636767E-4	1.1237641061032903E-4	4.5109527673440686E-5	1.018827446190942E-4	7.784911540092966E-5	7.58770334698716E-5	1.3221760985107422E-4
41	window	0.9989720688613877	6.521458754701137E-5	6.433249613957108E-5	1.9365090111271663E-4	1.4522936984098442E-4	5.829718392194389E-5	1.3166790715542746E-4	1.0060810726157778E-4	9.805949216907873E-5	1.708710934640558E-4
42	window	0.9994340012250651	3.5908413776947895E-5	3.542271717993081E-5	1.066279332123587E-4	7.996610115882661E-5	3.209955749227044E-5	7.249889739582536E-5	5.5396770580815414E-5	5.3993453796305224E-5	9.408493034175507E-5
43	window	0.9994243487423566	3.652079203361416E-5	3.6026812418661564E-5	1.0844635460680162E-4	8.132983451458617E-5	3.2646979920311364E-5	7.37352858554566E-5	5.634150119475856E-5	5.4914252395557135E-5	9.56894447037411E-5
44	window	0.9993307610841023	4.245823307735667E-5	4.18839437353343E-5	1.2607723830434112E-4	9.455219554890415E-5	3.795462818693937E-5	8.572294790307373E-5	6.550133380057738E-5	6.384204716407464E-5	1.112463481770828E-4
45	window	0.9993172240511919	4.3317057160706485E-5	4.273115137866784E-5	1.2862746615816453E-4	9.646475047136291E-5	3.872235558393544E-5	8.745690918263918E-5	6.68262622981194E-5	6.51334124343855E-5	1.1349658414015565E-4
46	window	0.9995038800441355	3.147512229197368E-5	3.1049390320551366E-5	9.346353360097246E-5	7.009340008224496E-5	2.813651151129538E-5	6.354810534771583E-5	4.8557425550524475E-5	4.732736376942756E-5	8.24691033899039E-5
47	local	1.2269991279449915E-4	6.76881447737612E-5	6.677259607313546E-5	2.009959845354811E-4	1.5073784840105394E-4	6.050836743185013E-5	1.3666200610668668E-4	1.0442412328110868E-4	0.9989121588666144	1.7735214998804247E-4
48	local	1.2670478803135775E-4	6.989745828229933E-5	6.895202644454851E-5	2.075564117015732E-4	1.5565787044972317E-4	6.248333592882385E-5	1.4112259838919912E-4	1.0783248418320325E-4	0.998876652174576	1.8314085201328622E-4
49	java	2.333225161098463E-4	1.287137691440115E-4	1.269727888809785E-4	3.8220800464901943E-4	2.866386231327072E-4	1.1506091743148561E-4	0.4450345783875795	1.9856981664949776E-4	0.5531566875865082	3.3724758991479956E-4
50	join	3.5732876631455004E-5	1.971225628060356E-5	1.9445628635771077E-5	5.853439138830564E-5	4.389813177477095E-5	1.7621349350380167E-5	0.9849654949209644	0.014758271444689296	2.9640206479712696E-5	5.164879380525639E-5
51	legacy	9.323140249259932E-5	5.143166385088729E-5	5.0736000036092464E-5	0.48529072752560876	1.1453554199899255E-4	4.597623445468183E-5	0.5140619239249382	7.934486052865656E-5	7.73348882256313E-5	1.3475795786551135E-4
52	manual	3.566721391092252E-5	1.96760330459458E-5	1.9409895355972242E-5	5.8426828612912245E-5	4.3817464584486933E-5	1.7588968365503603E-5	0.9996939192847034	3.0354687771993472E-5	2.958573964753806E-5	5.1553884001367576E-5
53	y	3.335673170213001E-4	1.8401441640914597E-4	1.815254405271374E-4	5.464200402965644E-4	0.1035235085663584	1.644957467523655E-4	3.7152413296417366E-4	0.8939361094435033	2.7669208536912945E-4	4.8214281079849905E-4
54	y	2.932498708846545E-4	1.617730547907705E-4	1.5958491518958944E-4	4.8037561862070307E-4	0.09101088137682412	1.4461355784783233E-4	3.2661894155331804E-4	0.9067557862414001	2.4324900602933406E-4	4.2386741685965544E-4
