0	sy	1.531904487985719E-4	1.0236861121211545E-4	0.08483663596536024	9.816682012076623E-5	0.012843809643342039	6.473982580054401E-5	2.2776596341589957E-4	1.1837743713944156E-4	0.9013295636696403	2.2538161517011773E-4
1	sy	0.0010238931181210504	6.84210519348459E-4	0.0014789838832989185	6.561266210639669E-4	0.0010126354273232835	4.327075390495924E-4	0.0015223403568090112	7.912101843062906E-4	0.9908914884819426	0.0015064038687367678
2	sy	5.714416205495611E-4	3.818624825714628E-4	8.254308307003371E-4	3.6618867046840897E-4	5.6515862776519E-4	0.016023400160722134	8.49628369530745E-4	4.4157971365703646E-4	0.9791345754154469	8.407341085881738E-4
3	abstract	0.16609045791909113	5.711544820203388E-4	0.001234602874253406	5.477110476909963E-4	0.16608106040125928	3.612087849329002E-4	0.0012707953084087102	6.604739772446091E-4	0.6619250431072263	0.0012574920978722906
4	xxl	0.5856752923111526	1.748740651793279E-4	3.780063543212946E-4	1.6769623712756317E-4	0.00748614300280718	1.1059363199998924E-4	3.890876261815543E-4	2.0222159324981143E-4	0.4050310706818887	3.8501449609210623E-4
5	xxl	0.6108582126936566	8.164368308553713E-5	0.03729303500954779	7.829256113329219E-5	0.02036622657838844	5.163299333738484E-5	1.8165384793848735E-4	9.441145921443177E-5	0.3308151389533213	1.7975222037668712E-4
6	xxl	0.8439651890622223	1.244894154590807E-4	0.02084906837269829	1.1937966051906908E-4	0.07735914403689136	7.872943644934975E-5	2.7698384603818787E-4	1.4395758405374398E-4	0.056808974321014435	2.740842646542691E-4
7	xxl	0.9668455337194101	2.410853900652803E-4	5.211282146683731E-4	2.311898719739803E-4	3.568077369266852E-4	1.524669131589747E-4	5.364051097649133E-4	2.7878731839543443E-4	0.030305805926268616	5.307897993677184E-4
8	xxl	0.6259442572767117	3.8798563428673016E-4	8.386665855532416E-4	3.720604931481102E-4	0.08074904818446668	2.453693771891645E-4	0.2894926302585531	4.4866042910962184E-4	6.671065100084046E-4	8.542152509733048E-4
9	i18n	0.35025924877441117	7.041213624728909E-4	0.0015220229995521583	6.752202097363662E-4	0.0010421035874370386	4.452995289198733E-4	0.0015666411665295045	8.142347672565452E-4	0.6123204033600673	0.030650704243617113
10	jwt	4.34345612494755E-4	0.012285875659301355	0.02461865317350134	2.78335418078716E-4	4.295699884395746E-4	0.7199211652156079	6.457918731958119E-4	3.356392049448022E-4	0.24041159239748858	6.390314569470375E-4
11	namespace	8.57286320524264E-5	5.728765124162982E-5	1.2383252011252582E-4	5.4936239614753004E-5	0.9992236466446562	3.6229782918716526E-5	1.2746267554462638E-4	6.624653058612247E-5	9.850097969900379E-5	1.2612834357386327E-4
12	namespace	6.892113494996991E-5	4.605614072759988E-5	9.955457850594149E-5	0.09902321322216412	0.9003968068435011	2.9126765445434442E-5	1.0247302507898566E-4	5.325859010209448E-5	7.918940442660594E-5	1.0140029509807586E-4
13	abstract	0.29477457763408454	3.390550151935701E-4	0.01474562216000668	3.251382654648309E-4	5.01803334628045E-4	2.144247378227075E-4	7.543835094777204E-4	3.9207783785132614E-4	0.6872064311943734	7.464863110970057E-4
14	controller	0.016927663879771203	0.005710164013106232	2.9159946533347235E-4	1.29363256796654E-4	0.8643655233318165	8.531349696061696E-5	3.001477156809257E-4	1.559966063967461E-4	0.11173722258880225	2.9700564533544365E-4
15	instance	9.451322131212521E-4	2.206952386060806E-5	4.7705302942436786E-5	2.1163664851192808E-5	0.5728352758388663	1.3957179972640068E-5	4.9103785864847834E-5	2.5520847089477166E-5	0.4259914818962925	4.858974713872654E-5
16	abstract	0.0016948674454022087	0.0011325851444079552	0.0024481868192237645	0.0010860973967124527	0.23571793467801871	7.162680443258479E-4	0.002519955516755934	0.001309703483809209	0.7508808258904911	0.0024935755808528073
17	abstract	0.004917174031297205	0.0032858724588896602	0.0071027151320346635	0.0031510015305690237	0.0048631097702298625	0.13787908393444176	0.007310931518940048	0.0037997307557924315	0.8204559832017764	0.007234397666028998
18	biz	2.2029596766671525E-4	1.4721147723330491E-4	3.1821112962719607E-4	0.1644110029555565	0.6755494130851253	9.309929361234678E-5	3.275395020104871E-4	1.702330156289884E-4	2.5311693560724853E-4	0.158509876637932
19	gray	5.922605905715034E-5	3.95774636134086E-5	8.555032284774025E-5	3.795297899786136E-5	0.9994636523577713	2.5029528774697277E-5	8.805823408883812E-5	4.57667507213415E-5	6.804990002958118E-5	8.713640409796726E-5
20	json	1.0364174062207572E-4	6.925798007837084E-5	0.09460714159823826	6.641523795016956E-5	0.9046039924938796	4.3800042928008574E-5	1.540961664909485E-4	8.008882885149202E-5	1.1908288683227104E-4	1.5248302412874444E-4
21	property	1.3007680817261612E-4	8.692305759247568E-5	0.02174242567522719	8.335524002906155E-5	0.9341584317121834	5.497176859151843E-5	0.043302467244256716	1.005164440963281E-4	1.4945640370520096E-4	1.9137564614531697E-4
22	property	9.82959560163051E-5	6.568569113853358E-5	1.419856547218117E-4	6.298957610300654E-5	0.999109837711824	4.1540860538642486E-5	1.4614797004334736E-4	7.595789062333464E-5	1.1294065630412911E-4	1.4461803268672337E-4
23	remote	2.216815711145756E-5	1.4813739854080556E-5	3.202125935805719E-5	1.4205699563102439E-5	0.9979625459669703	9.36848635780113E-6	3.295996389621666E-5	1.7130373633211105E-5	2.547089742741562E-5	0.00186931545582832
24	remote	3.2492679882550134E-5	2.1713041121187107E-5	4.6934732757722455E-5	2.0821814194604504E-5	0.9826556596889165	1.3731733615815002E-5	4.83106263834018E-5	2.510861610795433E-5	0.017087422176241634	4.780489077856276E-5
25	simple	1.0160592116072409E-4	6.789755576620507E-5	0.10958551846033786	6.511065320335129E-5	0.8896411112087359	4.293968512944528E-5	1.5106927816604192E-4	7.85156557705104E-5	1.1674375920789927E-4	1.4948782252190336E-4
26	txt	4.6803160737534814E-4	3.1275935298934334E-4	6.760580688860438E-4	2.999219270678004E-4	0.892353882045191	1.9779486885941627E-4	0.10410352850008048	3.6166995146151413E-4	5.377616643687767E-4	6.885920137202818E-4
27	xml	5.808593380975026E-5	3.8815581661240156E-5	8.390344502816734E-5	3.722236902214523E-5	0.9994739772637	2.4547700367728267E-5	8.63630779780918E-5	4.4885722524977526E-5	6.673991232582545E-5	8.5458993582034E-5
28	yaml	5.441935390984813E-5	3.636541133277032E-5	0.0541843530125982	3.48727676448075E-5	0.9454014357557997	2.2998166791287354E-5	8.091154944029979E-5	4.205238444795343E-5	6.252706413685435E-5	8.006453389821372E-5
29	bootstrap	3.645055977108925E-5	2.435787094387961E-5	5.265177535092233E-5	2.335808513136959E-5	0.9946365028123293	1.5404373499913882E-5	5.41952643159067E-5	2.816705533432578E-5	4.18811750761835E-5	0.005087031028247052
30	bootstrap	3.059101662002797E-4	2.0442265895288632E-4	4.4187835384397787E-4	1.9603198824740643E-4	0.9972296958638266	1.2928071577401242E-4	4.548320360033714E-4	2.3639111807359183E-4	3.5148643281961454E-4	4.500706662582801E-4
31	bootstrap	2.935114568800331E-4	1.9613729479415036E-4	4.239687781921715E-4	1.8808670264301E-4	0.9892358665030356	1.24040896399896E-4	4.363974404030092E-4	2.2681005447152875E-4	0.008443351821556486	4.318290516240913E-4
32	bootstrap	3.138652715491984E-4	2.0973861104390512E-4	4.533692725666143E-4	2.011297433747896E-4	0.9884894180318234	1.3264262337695415E-4	0.009134896686084113	2.4253840069313355E-4	3.606267357932825E-4	4.617746236945903E-4
33	bootstrap	4.192578311038638E-4	2.801665655170161E-4	6.056057650698711E-4	2.6866693330412954E-4	0.9962032262018069	1.7718258001102666E-4	6.233591230390225E-4	3.239801693640506E-4	4.81721288693317E-4	6.168335420908444E-4
34	bootstrap	3.8782372580908295E-4	0.010969960179061121	5.602001125714766E-4	2.485234701552786E-4	0.9857770923074892	1.6389821067246615E-4	5.766224019657872E-4	2.996895634369127E-4	4.4560394850755444E-4	5.705860803311313E-4
35	bootstrap	5.073819926821715E-4	3.390550151935701E-4	7.328985580351404E-4	3.251382654648309E-4	0.9533670082686929	2.144247378227075E-4	7.543835094777204E-4	3.9207783785132614E-4	5.829746977679918E-4	0.042784657117011626
36	bootstrap	3.7574997803936053E-4	2.510927000772048E-4	5.427599344450673E-4	2.4078642496225679E-4	0.9965972307123392	1.587957233209256E-4	5.5867096429863E-4	2.90359612850195E-4	4.3173138393392364E-4	5.528225657332028E-4
37	bootstrap	5.456093583480745E-4	3.6460022616597036E-4	7.881168779166114E-4	3.496349554245932E-4	0.9950589943415707	2.305800073805269E-4	8.112205566828949E-4	4.216179143483412E-4	6.26897397562161E-4	8.027283646000192E-4
38	bootstrap	5.900663609038383E-4	3.9430835513862614E-4	8.523337274256829E-4	3.781236935099456E-4	0.9946563943901149	2.4936798420053684E-4	8.773199257826675E-4	4.559719231441035E-4	6.77977861595996E-4	8.681357781837144E-4
39	bootstrap	3.085166802213494E-4	2.0616444652864213E-4	0.0089661644721659	1.977022829365032E-4	0.9290419227530942	1.30382254838583E-4	4.587074419560402E-4	2.384052935793243E-4	3.544812803813667E-4	0.06009755309429815
40	config	1.9964668029280437E-4	1.3341271309647164E-4	2.8838383350895865E-4	1.2793669517726852E-4	0.9816506653260176	8.437269689579728E-5	2.968378174769118E-4	0.01669562264310094	2.2939119791937039E-4	2.93730396513884E-4
41	conditional	2.8882889846771324E-4	1.930082028347745E-4	4.1720495851035183E-4	1.8508604644693345E-4	0.9973843828009702	1.220620000764505E-4	4.294353390683782E-4	2.2319162219684426E-4	3.3186029898454004E-4	4.2493983244382274E-4
42	config	1.9978695861367915E-5	1.3350645325458033E-5	2.8858646147087987E-5	1.2802658770516538E-5	0.9992673085008913	8.443197992635337E-6	2.9704638548589007E-5	1.5438474343572454E-5	5.747208640048123E-4	2.9393678114673847E-5
43	config	4.5870696599117805E-5	3.0652821654425315E-5	0.017802062741470285	2.939465519668756E-5	0.9818487938680323	1.9385418154112608E-5	6.820127158968082E-5	3.544643641813709E-5	5.270477839569099E-5	6.74873124895759E-5
44	notification	6.143687263156252E-5	4.1054826706450065E-5	8.874377887128931E-5	3.936970269168145E-5	0.9960501411418343	2.5963840847071446E-5	9.13453064073679E-5	4.7475149952393576E-5	0.003464080314072973	9.03890659848465E-5
45	notification	2.352183769355549E-5	1.5718328895375047E-5	3.39766116586289E-5	1.5073159115874637E-5	0.9958892733219132	9.94056539903321E-6	3.497263743008913E-5	0.003915890751312363	2.7026257175307334E-5	3.460652940650119E-5
46	client	9.883255913637598E-5	6.60442729992472E-5	1.4276076235000744E-4	6.333343972098906E-5	0.9881868664369438	4.176763441906304E-5	1.4694579998361751E-4	7.637254899540158E-5	0.01103166903483806	1.454075106134179E-4
47	abstract	0.09594580010780518	0.014829529583344997	1.9273897137997152E-4	8.550544158521176E-5	0.7039843599876467	5.638980040725794E-5	1.9838912227164915E-4	1.0310932985179179E-4	0.16966750106269823	0.014936676593008881
48	access	7.460109271828578E-5	4.985173890650791E-5	1.0775911260084152E-4	4.780553949102887E-5	0.9993244169741478	3.152717277734797E-5	1.1091807542911002E-4	5.764775958979274E-5	8.571559516864339E-5	1.0975693917060776E-4
49	app	3.008954234747579E-5	2.0107158679124828E-5	4.346347035657655E-5	1.9281846318139193E-5	0.9955724911558975	1.271614350157733E-5	4.473760378186334E-5	0.004178271350592627	3.4572456470651697E-5	4.4269272054427E-5
50	config	3.8139927719553626E-5	2.548678108199111E-5	5.5092018306481656E-5	2.4440658364983854E-5	0.9996546070997664	1.6118317401471443E-5	5.670704309430739E-5	2.9472509099186044E-5	4.382223483663872E-5	5.61134103289126E-5
51	default	8.845108198745624E-5	5.910691230607105E-5	1.2776502000507933E-4	5.6680827839122495E-5	0.9991989923011632	3.738031766763083E-5	1.3151045683364762E-4	6.835029520445732E-5	1.0162903597800677E-4	1.301337510153129E-4
52	release	4.085079619068063E-5	2.729830290168937E-5	5.900778911066242E-5	2.6177825007312155E-5	0.9996300576373165	1.7263957707152075E-5	6.073760488104056E-5	3.1567324177742834E-5	4.6936984178233904E-5	6.010177852894131E-5
53	access	1.6735090536874441E-4	1.1183125254900504E-4	2.4173352424719933E-4	1.0724106073990468E-4	0.9337786211038722	7.07241772976439E-5	0.06495467907659377	1.2931988538375416E-4	1.9228381157716188E-4	2.462152023706374E-4
54	instance	1.4637823325859418E-4	9.781638847516103E-5	2.1143910826602096E-4	9.380144654309503E-5	0.7439887101740031	6.186091493610879E-5	2.1763745444142721E-4	1.1311331902249303E-4	0.2548538838254401	2.153591356139284E-4
55	namespace	1.2135746315488949E-4	8.109640686363288E-5	1.7529733225817433E-4	7.776774824586592E-5	0.9989009940849319	5.128688561108731E-5	1.8043618077996404E-4	9.377859767817294E-5	1.3943800021481897E-4	1.7854730026126817E-4
56	watch	6.543375092089575E-5	4.372571697977833E-5	9.451715352222853E-5	4.1930964409698084E-5	0.9994074358721938	2.7652961847935184E-5	9.728792777420706E-5	5.0563725070230504E-5	7.518244974616272E-5	9.626947753499985E-5
57	case	3.31084800401987E-4	0.4574112781920446	4.7824238207438237E-4	2.1216428504963451E-4	3.274445275602222E-4	0.32931674333716465	0.21079967713426562	2.558447374153534E-4	3.804117296902769E-4	4.871088743332379E-4
58	apollo	0.14407002462727705	7.108932047983022E-5	1.536660958742061E-4	6.817140970673899E-5	0.8110024634420407	4.495821687574644E-5	1.5817082380965096E-4	8.220656182342297E-5	0.044192734475862	1.5651502625048817E-4
59	abstract	4.7416058647598773E-4	3.168550070173927E-4	6.849112012594271E-4	3.038494721178677E-4	0.28856389225930806	2.0038503712657967E-4	0.21022858581007284	3.66406100770463E-4	0.49816334524493266	6.976092809185938E-4
60	beat	0.10594486773489997	1.598548588800762E-4	0.026771953826020135	1.5329350463292885E-4	0.053089411823964275	1.0109520481647275E-4	3.556705078677879E-4	1.8485362148071163E-4	0.8128870517154528	3.519472019848875E-4
61	host	0.06628422763237078	7.624130950290227E-5	1.6480259336523032E-4	7.311193174473083E-5	1.1283756803633546E-4	4.8216431165563085E-5	1.6963378818372722E-4	8.816424015372764E-5	0.9328149065139014	1.6785799157559818E-4
62	health	4.620590521802372E-4	0.01306977646150295	6.67430886302873E-4	2.9609462088717333E-4	0.07702302811838829	1.952708069094181E-4	6.869966502497135E-4	3.5705467823321556E-4	0.9065624838399822	6.79804885363887E-4
63	aggr	3.7574997803936053E-4	2.510927000772048E-4	5.427599344450673E-4	2.4078642496225679E-4	3.7161861218176263E-4	0.031290846101450845	5.5867096429863E-4	2.90359612850195E-4	0.6023180386944457	0.3637600769772489
64	client	3.222451637833043E-4	0.0358140193180945	4.6547378361242353E-4	2.064997085392532E-4	0.6677939688383071	1.3618405019382237E-4	4.791191667682018E-4	2.490139360411794E-4	0.2940593724853603	4.741035492998524E-4
65	disk	4.5623700796530497E-4	3.04877681704491E-4	6.590211124609119E-4	2.923637644815374E-4	0.05085208774165777	1.9281035241480805E-4	0.2526826756102446	3.5255571189111415E-4	0.6935361318207278	6.712391964515278E-4
66	dump	0.0015497819985615998	0.0010356326528091395	0.0022386151034061437	9.931243877954906E-4	0.21553981279959064	6.549534739442076E-4	0.002304240197449515	0.0011975891614221458	0.7722061317663522	0.0022801184586688323
67	group	1.2868988297561797E-4	8.59962530339325E-5	1.858887998132447E-4	8.246647681045059E-5	0.2666861674281479	5.438564004136249E-5	1.913381376430451E-4	0.17780537302779667	0.5545903592228039	1.89335130933885E-4
68	simple	2.4405336350682223E-4	1.6308721646666967E-4	3.5252799818975725E-4	1.5639318784648368E-4	0.39791273043524356	1.0313940825543041E-4	0.5934998067488001	1.8859146848760624E-4	0.007020606395492614	3.590637777110569E-4
69	health	1.396057407932153E-4	9.329071044782559E-5	2.0165643951985352E-4	8.946152812891063E-5	0.015560428584512339	5.899879144288346E-5	2.0756800635767487E-4	1.0787989678641167E-4	0.9833357152033362	2.0539509867464388E-4
70	user	2.3305740119255086E-4	1.55739229696732E-4	0.12906683190153087	1.493468043217566E-4	2.3049493826129145E-4	9.84924038872187E-5	0.006783022764235622	1.8009437321923948E-4	0.8627600342275127	3.4288595614204447E-4
71	naco	1.55827529195293E-4	1.0413082458758506E-4	2.2508834191312834E-4	9.985670221837214E-5	0.6284794127834319	0.004369452217973745	2.316868159355899E-4	0.013031209039067475	0.3186452908394873	0.03465804490618966
72	standalone	7.486741693529906E-4	5.002970848908712E-4	0.001081438102003504	4.7976204187884236E-4	0.43495027147648835	3.1639724072491553E-4	0.0011131405045460769	5.785356079022955E-4	0.4143933864260987	0.14583809734611347
73	base	0.028394808322540068	1.3642150694861686E-4	2.948876177824438E-4	1.3082199098588305E-4	0.10168827737780352	8.62755144445673E-5	3.03532260454493E-4	1.577556652577358E-4	0.8685068649844873	3.0035475929541356E-4
74	catalog	1.3245599753633998E-4	8.851293681069832E-5	1.9132884295777413E-4	0.07324747962542028	1.309996456591926E-4	5.597723796746184E-5	1.9693765587662244E-4	1.0235495518860499E-4	0.9256590770714868	1.9487603109618766E-4
75	cluster	1.3392575095360422E-4	8.949509083746427E-5	0.05197554861681431	8.582170237446008E-5	0.03342094401197483	5.659837055731772E-5	1.991229083234455E-4	1.0349070251572098E-4	0.9137380144382315	1.9703840741718389E-4
76	instance	1.0132160040523065E-4	6.770756010324496E-5	1.4635611020062824E-4	6.492845604497737E-5	1.0020757079773591E-4	4.2819528315972355E-5	1.5064654560469765E-4	7.829594780160748E-5	0.9990986471654262	1.49069515299736E-4
77	cluster	9.228341494790901E-5	6.166784613674223E-5	1.3330071370555675E-4	5.913664635341069E-5	9.126876006561812E-5	3.899990015606407E-5	0.07149956686986789	7.131171843731122E-5	0.927816692055259	1.3577207507056938E-4
78	push	0.10343852840526668	1.6645299211875587E-4	3.598034314131103E-4	1.5962081288791922E-4	2.4635136706743934E-4	1.0526798777623949E-4	3.7035108383790016E-4	1.9248359802773177E-4	0.8945946662259864	3.6647409561793565E-4
79	subscribe	1.3245599753633998E-4	8.851293681069832E-5	1.9132884295777413E-4	8.487986154517853E-5	1.309996456591926E-4	0.02200475716712999	0.003855067644070377	0.08789747467183873	0.8854196472013555	1.9487603109618766E-4
80	client	0.013561391361304118	6.515506020727257E-5	1.4083864722467138E-4	6.248072528865213E-5	0.024331430907633053	4.120527960570362E-5	0.07554274838576766	0.010846455855693186	0.8752648440173137	1.434497599620009E-4
81	naco	0.1355654694901474	5.12237168686739E-5	1.1072476898422633E-4	4.912120366021967E-5	7.58113898479531E-5	3.239483732042521E-5	0.002230983409032915	5.923429312824698E-5	0.8553612210962962	0.006463815794713716
82	naco	0.12191154986130878	1.1782132622785351E-4	2.546816187009738E-4	0.05367648869192886	1.743762272847715E-4	7.451241201050456E-5	2.621476208524554E-4	1.362467115073324E-4	0.8231327721789725	2.594033512059231E-4
83	naco	0.018003722997027516	5.4207419613107524E-5	1.1717431652373833E-4	0.0022923079139801975	8.022728673666556E-5	3.4281786783039164E-5	1.206092864431488E-4	6.268459962249166E-5	0.9791154376946879	1.1934669858215829E-4
84	config	0.012914373453976167	1.0761704165466572E-5	2.326241203177103E-5	1.0319982507286633E-5	0.009356053212543415	6.805903144916732E-6	2.3944350599476503E-5	1.2444663879644514E-5	0.9709468221761351	0.006695212141016811
85	config	3.161324476162296E-5	2.1125363803922712E-5	4.5664414257442675E-5	2.0258258502973508E-5	3.126565756883709E-5	1.3360075480609929E-5	4.700306844391738E-5	2.4429035386295507E-5	0.9997187698608984	4.651102089603167E-5
86	config	0.04598966969103666	3.8323750017472145E-5	8.284030575471392E-5	0.24712095358911082	0.08558586651144319	2.4236656830420145E-5	8.526877273300913E-5	4.43169762188203E-5	0.6209441476028783	8.437614397655758E-5
87	config	2.6023866417984E-5	1.7390294789732783E-5	3.759071951177225E-5	1.667649800321559E-5	0.07117895166489525	1.0997947925410202E-5	0.015131798678268258	2.0109860863915977E-5	0.9135221728274234	3.828764190102235E-5
88	config	9.964853956027587E-5	6.658954709058912E-5	1.439394223826581E-4	6.385633265669924E-5	0.3303461680758314	4.2112475960518366E-5	0.08821418972464305	7.700309529965736E-5	0.5807998847638715	1.4660802270361728E-4
89	config	0.09030114492732011	1.6760600340853864E-4	3.6229577122173274E-4	1.6072649802461393E-4	0.3188876848798557	1.0599717369722385E-4	3.729164866907592E-4	1.9381692198183433E-4	0.5890787986950261	3.6901264277339283E-4
90	config	7.053218301742497E-5	4.7132714068527874E-5	1.0188169066717803E-4	4.519811892516022E-5	0.20070723296660725	2.980761057684655E-5	0.10529344815599481	5.4503522425418006E-5	0.6935464924863899	1.0377055132754323E-4
91	name	1.2176557435819555E-4	8.136912476106185E-5	1.7588683704300093E-4	7.802927224686219E-5	0.09428120926098556	5.145935751398006E-5	0.057350089483229706	0.0034569790535205697	0.844224064302026	1.7914773431503274E-4
92	permission	5.207154572782621E-5	3.479650240358474E-5	7.521583605449405E-5	3.3368255677578653E-5	5.149901979636826E-5	2.2005959418639404E-5	7.742079138920815E-5	4.023812306506389E-5	0.9995367736479219	7.661031854520896E-5
93	role	5.126065044594215E-5	3.425462642831374E-5	7.404452136185259E-5	3.2848621379893694E-5	0.001466398300326173	2.1663266909391096E-5	7.62151395580644E-5	3.961150628829526E-5	0.9981282860793262	7.541728797575637E-5
94	user	8.004325349138925E-5	5.3488430650052484E-5	1.156201558399172E-4	5.1292960683873614E-5	7.916317901651931E-5	3.382708470522893E-5	1.1900956547481111E-4	6.185317219791087E-5	0.9992879384737862	1.1776372415411745E-4
95	auto	6.998686311110867E-5	4.676830726696988E-5	1.0109399189431789E-4	4.484866945509558E-5	6.921735851061253E-5	2.9577152894808506E-5	1.0405756643430472E-4	5.408212818421616E-5	0.9993773997134289	1.0296824881956121E-4
96	client	1.3343222236438497E-4	8.916529327718504E-5	1.9273897137997152E-4	8.550544158521176E-5	1.3196513690863577E-4	5.638980040725794E-5	1.9838912227164915E-4	1.0310932985179179E-4	0.9988129923790129	1.9631230294106787E-4
97	cmdb	1.3682421369692867E-5	9.143197141984524E-6	1.9763860438300203E-5	8.767908234156757E-6	1.3531983334297703E-5	5.782329009090381E-6	2.0343238821815112E-5	1.0573048047766204E-5	0.9998782817362135	2.0130277389514775E-5
98	c	2.556452348650238E-5	1.7083341593011593E-5	3.692721198296369E-5	1.638214391467974E-5	2.5283441901217944E-5	1.0803824978450675E-5	3.800973472457044E-5	1.975490505940358E-5	0.999772579039248	3.761183311120393E-5
99	deregister	1.2300654498621804E-4	8.219839604228075E-5	1.7767938308712388E-4	7.882450550958615E-5	1.2165408971032203E-4	5.198380419399081E-5	1.828880615271644E-4	9.505292047281776E-5	0.9989057387807632	1.8097351370738993E-4
100	multi	2.1612419517954283E-5	1.4442371494685657E-5	3.121851253850341E-5	1.384957427720085E-5	2.1374791261626864E-5	9.133626056285054E-6	3.213368452055439E-5	1.670092915702538E-5	0.9998077367953467	3.179729582942591E-5
101	multi	2.2100503766472143E-5	1.476853090649716E-5	3.192353606534837E-5	1.4162346248324411E-5	2.185750903052314E-5	6.19704975747416E-4	3.285937584115343E-5	1.7078094723813725E-5	0.9991930297373571	3.251539031333654E-5
102	name	8.738376987745184E-5	5.839368730224142E-5	1.2622331864855198E-4	5.5996877653342414E-5	8.642298652554415E-5	3.692926082552084E-5	0.019436633412209442	6.752553313083522E-5	0.9799159276869197	1.2856346690732836E-4
103	name	1.5001701302736956E-4	1.0024798153045699E-4	0.07479294240725236	9.613323316440157E-5	1.483675780256324E-4	6.339869989727706E-5	2.2304764930796995E-4	0.13269592017419474	0.7915092125692754	2.2071269432445416E-4
104	register	7.633101428610294E-5	5.100774876085712E-5	0.0022183449787071953	4.8914100114114684E-5	7.549175583040613E-5	3.2258255046689363E-5	1.1349014996520532E-4	5.8984551036364626E-5	0.9824562660457107	0.014868911400542353
105	rest	6.0110963839914665E-5	0.0017002953552497772	8.682854211574771E-5	3.8520039733794404E-5	5.945004461652216E-5	2.5403498444056744E-5	8.937392440738187E-5	4.645055810696913E-5	0.9978051287522594	8.843832122645239E-5
106	select	4.7063128624758075E-5	3.144965730173221E-5	6.798132295426955E-5	3.015878416873063E-5	0.006545422480683314	1.9889351932128017E-5	6.997419823920742E-5	3.636788451274965E-5	0.9930824515121729	6.924167941014519E-5
107	select	1.446242462582567E-4	9.664429703788908E-5	2.0890552496606143E-4	9.267746441688104E-5	1.4303410465321952E-4	6.11196623727223E-5	2.150295990425823E-4	1.1175793108868743E-4	0.9987134285898405	2.127785803232833E-4
108	service	1.6581813325862205E-4	1.108069866535235E-4	2.395194794338099E-4	1.0625883655294928E-4	1.6399496515655091E-4	7.007641237378933E-5	2.4654100284761464E-4	1.2813544056008449E-4	0.9985248886334341	2.439601097289197E-4
109	subscribe	1.3197322233408112E-4	8.819032513764375E-5	1.906314881941172E-4	8.457049169339861E-5	1.305221785636645E-4	5.5773212306983764E-5	1.9621985812932045E-4	1.0198189217060296E-4	0.9988259715839178	1.9416574755238623E-4
110	subscribe	8.093786397252568E-5	5.408624881200693E-5	1.1691239470744581E-4	5.186624098214696E-5	8.004795326767937E-5	3.4205156100425814E-5	1.2033968637801393E-4	6.25444796314067E-5	0.9992799800553465	1.1907992080193697E-4
111	unsubscribe	1.7892863651644818E-4	1.1956800290043254E-4	2.584572207635357E-4	1.1466025077359707E-4	1.7696131861078178E-4	7.561704303141714E-5	2.6603390484513067E-4	1.382665406870281E-4	0.9984082581299002	2.6324895197147533E-4
112	sentinel	0.004498141852626523	1.050348803762602E-4	0.04797761839077823	1.0072365040625092E-4	1.5545221531371324E-4	6.642602432546514E-5	0.03496138982972355	1.2146066847996815E-4	0.9117825006353943	2.3125185257568393E-4
113	sentinel	0.09224591034492483	1.1725038609538834E-4	0.024482513249523566	1.1243776216780545E-4	1.7353123266883747E-4	7.415133878424242E-5	2.608773024630198E-4	0.00498139963947263	0.8772937824128653	2.58146331034439E-4
114	sentinel	7.764039598950315E-5	5.188273533851171E-5	0.012977644231220902	4.975317225702696E-5	7.678674089992703E-5	3.2811612935835647E-5	1.1543695923101172E-4	5.9996371626365E-5	0.9864438192630718	1.1422851742911586E-4
115	sentinel	0.011326093270602812	6.789755576620507E-5	1.4676680327749337E-4	6.511065320335129E-5	1.0048876545042028E-4	4.293968512944528E-5	1.5106927816604192E-4	0.022527490354654692	0.9654226558112277	1.4948782252190336E-4
116	common	6.579042642067217E-5	4.396406327259133E-5	0.010996913874875553	4.215952761257815E-5	6.506706158406079E-5	2.7803696504723154E-5	9.781823850487307E-5	5.0839344940040275E-5	0.9885128495295311	9.679423675374802E-5
117	common	2.4405336350682223E-4	1.6308721646666967E-4	3.5252799818975725E-4	1.5639318784648368E-4	2.4137000012065487E-4	1.0313940825543041E-4	3.628623709896744E-4	1.8859146848760624E-4	0.9978289112084259	3.590637777110569E-4
118	common	1.4291179607404164E-4	9.549996233228008E-5	2.064319403910874E-4	9.158009972790718E-5	1.413404828353049E-4	6.039596368597216E-5	2.1248350123381923E-4	1.1043464059880258E-4	0.9987286624770021	2.102591361187413E-4
119	abstract	4.5623700796530497E-4	0.35311094705508966	6.590211124609119E-4	2.923637644815374E-4	4.512206883170227E-4	0.3529988797258	0.29048332590025017	3.5255571189111415E-4	5.242098372926597E-4	6.712391964515278E-4
120	gateway	2.8279982504943378E-5	1.8897931018797066E-5	0.014099354867067251	1.812225225106249E-5	2.7969044484975883E-5	1.1951405295638343E-5	4.204712180909324E-5	2.1853267468948434E-5	0.9856899171729404	4.160695515898397E-5
121	gateway	2.5278958883199616E-5	1.689251473611087E-5	3.6514722204049564E-5	1.619914967930061E-5	2.5001017076813847E-5	1.0683142502371952E-5	3.7585152790782535E-5	1.953423591102102E-5	0.9997751194103398	3.7191695876588086E-5
122	eureka	2.935114568800331E-4	1.9613729479415036E-4	4.239687781921715E-4	1.8808670264301E-4	0.04892695227951393	0.16224626748666224	4.363974404030092E-4	2.2681005447152875E-4	0.7866300394548158	4.318290516240913E-4
123	sentinel	0.06206755594813556	2.134388887355279E-4	4.6136776267292245E-4	2.0467814058609636E-4	0.5560492710173762	1.3498274824856073E-4	0.01811722230966617	2.4681734308232864E-4	0.36203474443772116	4.6992140377533043E-4
124	abstract	4.5623700796530497E-4	0.2775096464750786	6.590211124609119E-4	2.923637644815374E-4	4.512206883170227E-4	0.20179627856577778	0.45428614382360755	3.5255571189111415E-4	0.06352529365396858	6.712391964515278E-4
125	client	0.9942907223091857	4.218036707236319E-4	9.11767377547234E-4	4.0449044467749017E-4	6.242718114835376E-4	2.667565364161752E-4	9.38495875807687E-4	4.8776706966171016E-4	7.252535914183468E-4	9.286713130784897E-4
126	package	0.6615683568558874	6.586449402142269E-5	0.21246600951832967	6.316103989677904E-5	9.747982260244599E-5	4.165393882849924E-5	1.46545799127874E-4	7.61646554390231E-5	1.1324809182916572E-4	0.12536151578403767
127	bucket	5.047462357578898E-5	0.18682879214932763	7.290912836797273E-5	0.002820330934799215	4.9919655781501375E-5	2.1331084041285696E-5	0.8099849828474712	3.9004106498417915E-5	5.799462505261018E-5	7.426084508423397E-5
128	deserialization	2.3921627229786077E-4	1.598548588800762E-4	0.27782287604970013	1.5329350463292885E-4	2.3658609266322695E-4	0.6475482104132544	0.07302830588840674	1.8485362148071163E-4	2.7485609669909613E-4	3.519472019848875E-4
129	pub	1.1128672888481957E-4	7.436669826104978E-5	0.09236525484143468	7.131426522961141E-5	1.1006313282629808E-4	0.6762133964365945	0.23067672383615517	8.599646946879116E-5	1.2786686968186488E-4	1.637307214631873E-4
130	h	2.0937563994794467E-5	0.029504606700726414	0.01043869616124886	0.8887796075510738	2.0707355765692974E-5	8.848425318559237E-6	3.1130298737664314E-5	1.617943667562336E-5	2.4056963427768476E-5	0.0711552295430308
131	hive	2.165118934894839E-5	1.4468279204904679E-5	0.026939296748061857	0.8652562782421384	2.1413134818860665E-5	9.150010577151465E-6	0.06520940073845724	0.04187365436295443	2.4876908816366574E-5	6.298103856218148E-4
132	hive	1.3584886461171699E-5	9.078020016332642E-6	1.9622974094590267E-5	0.8858165175134125	1.3435520820758675E-5	0.05140585557765615	0.06267581220878454	1.0497678254199325E-5	1.560884145108987E-5	1.998677904878679E-5
133	table	1.0895185284710729E-5	7.280643116079907E-6	1.5737778833022338E-5	0.9559661464846676	0.012046773689134113	4.604414981016745E-6	0.012052197428730553	0.01956691645156213	1.251841303019837E-5	3.169295106607191E-4
134	hive	3.228984760223747E-5	0.014289918627266128	4.664174741746965E-5	0.8391775044040574	3.19348211704942E-5	1.3646014652281998E-5	0.146298505610234	2.495187810176092E-5	3.71005759336842E-5	4.750647356453908E-5
135	hive	5.005595764663296E-5	3.344959759153115E-5	7.230437758808233E-5	0.8668159473683296	4.950559307849716E-5	2.115415160499639E-5	0.09546212267648287	3.8680583719421034E-5	5.751358385084176E-5	0.03739926611010745
136	jdbc	5.9032940169606724E-5	3.9448413059201635E-5	0.17616350607386702	0.8054327176012374	5.8383873801691234E-5	2.4947914788731297E-5	8.777110189606665E-5	0.014718803744179311	0.0033285360592772957	8.685227772366785E-5
137	jdbc	1.0275934209611897E-4	6.866832248322544E-5	0.011500339568723001	0.6698283440443097	0.07388902294007754	4.342713242800598E-5	0.008666714214307331	7.940695816792394E-5	1.1806902346817881E-4	0.2357032484539389
138	flink	2.7150311233136E-4	1.8143034873977992E-4	0.007890469838199209	1.7398341345357607E-4	0.09024801563642743	0.5999780579290684	0.30033533407864743	2.098031754931965E-4	3.119532169790491E-4	3.994492506606344E-4
139	kafka	8.14842938097238E-5	5.4451397318310906E-5	0.4817051788923861	5.2216401713168646E-5	8.05883751163082E-5	0.5176284536295694	1.2115212683552752E-4	6.296673156820394E-5	9.36242953862938E-5	1.1988385629694156E-4
140	kafka010	3.345332346543986E-5	2.235498551276962E-5	4.832235452365023E-5	2.1437409530614663E-5	3.308550463253012E-5	0.9691892739398935	0.02222343127094022	2.585095041298965E-5	0.008353572022388702	4.921823869948427E-5
141	kafka	9.938251098404905E-6	6.641177506821661E-6	1.4355515182768218E-5	6.3685857411054E-6	9.828980163815832E-6	0.9999043708183106	1.4776347702157902E-5	7.679752255470774E-6	1.1418909251799695E-5	1.4621662787018192E-5
142	flink	0.037762960486120635	1.8143034873977992E-4	3.921783634413529E-4	1.7398341345357607E-4	0.12024118153545885	0.5474900176057634	0.29283704260388954	2.098031754931965E-4	3.119532169790491E-4	3.994492506606344E-4
143	kafka011	8.166808037418556E-5	5.457421160282373E-5	0.49181359560987603	5.233417499966024E-5	8.077014095001312E-5	0.5075185339305387	1.2142538358388114E-4	6.310875205742029E-5	9.383546353655575E-5	1.2015425248071032E-4
144	flink	3.189168632506907E-5	0.08105261343785494	4.6066615012081066E-5	2.0436688183722728E-5	3.15410376711101E-5	0.7812609220989756	0.1365675454412968	2.4644200228048724E-5	3.6643094285600636E-5	9.276957001670341E-4
145	abstract	2.470967657113265E-5	0.17676443994350233	3.5692410431762954E-5	1.5834344727262813E-5	2.4437994015964087E-5	0.8230143073652254	3.673873491499149E-5	1.909432479619745E-5	2.839106716194474E-5	3.635413865296418E-5
146	abstract	5.499796337638986E-5	0.1807879044478971	7.944296138762423E-5	3.5243549582373725E-5	5.439326152300256E-5	0.818719638786168	8.177183507574251E-5	4.2499503092039986E-5	6.319187818967423E-5	8.091581370804942E-5
147	abstract	1.9847283277083392E-5	1.3262829643380554E-5	2.866882448427992E-5	1.2718447544397432E-5	1.962906266952709E-5	0.9954239322859036	2.9509252255910318E-5	0.003304154804396981	2.280424638014548E-5	0.0011254729634445615
148	kafka	3.6810996603450855E-4	2.459873072494251E-4	5.317241589100954E-4	0.07140034455806701	0.010530413169364289	0.8947944169050275	5.473116745489E-4	2.844558176205189E-4	0.020755654253454152	5.415821897236204E-4
149	kafka	0.12919329447349162	4.528044197474578E-5	0.10302402823590556	0.5577160185955028	6.701530948712548E-5	0.14412524676113928	0.039399822734999715	5.236158437672754E-5	0.02627723939853733	9.969246458505419E-5
150	flink	2.0615697730226563E-5	0.024496176891672584	2.9778776853115302E-5	1.3210859466886728E-5	2.0389028416291714E-5	0.8847912819688356	0.09055859805001755	1.5930715532758293E-5	2.368714366472118E-5	3.033086781021761E-5
151	flink	9.30248714998994E-6	0.08735673775782735	0.002582570155729182	5.961178323392411E-6	2.661135047425283E-4	0.8611773072639587	0.02082380824709572	7.188467665411415E-6	1.0688425511689572E-5	0.027760322511996113
152	a	2.8882889846771324E-4	1.930082028347745E-4	4.1720495851035183E-4	1.8508604644693345E-4	0.6464056299915271	1.220620000764505E-4	0.29557065929246373	2.2319162219684426E-4	0.056169389155032313	4.2493983244382274E-4
153	kinesis	0.019532049288674556	1.0981493882598144E-5	2.3737507693354787E-5	1.0530750802084946E-5	0.6939552470657254	0.28638726240514506	2.443337370996543E-5	1.2698825219879234E-5	1.8881694092015638E-5	2.4177595055112114E-5
154	r	2.7674768907498347E-5	0.04052710699349007	3.997540022861355E-5	1.773442197299373E-5	0.06346538784197335	0.7543890827580163	0.08411562811500861	0.006900206749734341	0.05047648641667579	4.0716533992489225E-5
155	writable	1.6812796712270629E-4	1.1235051946938415E-4	0.7245988631903519	1.0773901398713489E-4	1.6627940242896377E-4	7.10525714173968E-5	0.02810982173173918	1.2992035740831253E-4	1.9317664448746728E-4	0.24634266860158752
156	hadoop	6.998686311110867E-5	4.676830726696988E-5	0.007832598717638946	4.484866945509558E-5	0.00200209353994677	2.9577152894808506E-5	0.5799669119972815	5.408212818421616E-5	8.041391093571235E-5	0.4098727187132849
157	hadoop	9.021409301997761E-5	0.012517813767024173	1.3031163825754133E-4	5.781059270539049E-5	8.922219030391716E-5	3.8125383877861395E-5	0.23931868340337953	6.971265643072972E-5	1.0365471059529576E-4	0.7475844515644056
158	hadoop	6.326163337219611E-5	4.227421227701308E-5	9.137959278439211E-5	4.0539037730478483E-5	6.256607258048693E-5	2.6735003105572457E-5	0.18703812450672813	4.8885228071251375E-5	7.268671755674121E-5	0.8125135479957938
159	hadoop	8.355259626070382E-5	5.583352819614284E-5	1.2068929958639781E-4	5.3541802064516055E-5	8.263393661019288E-5	3.531016828740812E-5	0.22626221908566108	6.45650057771801E-5	9.600074550404203E-5	0.7731456538320524
160	execution	0.824717858299596	0.0030240602869566796	0.13752209812515934	3.4664374109791837E-5	5.3499388932949625E-5	0.01795033386739831	0.01651394507537575	4.180108678382175E-5	6.215341338270864E-5	7.958608230474191E-5
161	default	3.4042308282476437E-4	2.2748571132616822E-4	4.917312599235921E-4	2.181484015400762E-4	0.00973838267176236	1.4386622177429685E-4	0.9876849126690712	2.630608657651451E-4	3.9114128346161254E-4	5.008478325507159E-4
162	expression	2.135746042759484E-5	0.19112370610653526	0.7137420084816357	1.3686192530115696E-5	2.1122635442970834E-5	9.025877778075888E-6	3.175460734372781E-5	1.650391032243838E-5	2.453941846073413E-5	0.0949962953095233
163	primitive	1.1629056887693285E-4	7.771048473558262E-5	0.9989998459708351	7.452080365463272E-5	1.150119556662929E-4	4.914556508178977E-5	1.7290264284860926E-4	8.986317107302157E-5	1.3361621070924527E-4	1.710926265187578E-4
164	basic	5.2221745528230256E-5	3.489687253169839E-5	0.9995508682285719	3.3464506043734494E-5	5.164756815202587E-5	2.206943536632215E-5	7.76441108096564E-5	4.035418948806958E-5	6.000204334273127E-5	7.683130016566105E-5
165	enum	1.089428896830805E-4	7.280044157945973E-5	0.9479142549501015	0.033166084649652386	1.0774506410445176E-4	4.604036188681931E-5	1.6197799811008988E-4	8.418527510292276E-5	0.018177686024302517	1.6028234547676016E-4
166	list	1.7631480616151697E-4	1.1782132622785351E-4	0.9984836090709086	1.1298526766406835E-4	1.743762272847715E-4	7.451241201050456E-5	2.621476208524554E-4	1.362467115073324E-4	2.0258320617700588E-4	2.594033512059231E-4
167	map	1.6735090536874441E-4	1.1183125254900504E-4	0.9985607028677789	1.0724106073990468E-4	1.655108844583344E-4	7.07241772976439E-5	2.488199524759827E-4	1.2931988538375416E-4	1.9228381157716188E-4	2.462152023706374E-4
168	composite	1.1591827669429016E-4	7.746170268682466E-5	0.9990030478601206	7.428223303869368E-5	1.1464375683109482E-4	4.898823065761242E-5	1.723491129887724E-4	8.957548346068066E-5	1.3318845228307372E-4	1.705448912382799E-4
169	copyable	1.3542848760696456E-4	9.049928571663923E-5	0.9689134641808482	8.678467937398097E-5	1.3393945324223887E-4	5.723344219478359E-5	0.030123143815814487	1.0465193753471491E-4	1.556054073075909E-4	1.9924931036032382E-4
170	kryo	5.111592069925917E-5	3.4157911631241116E-5	0.7948632760349233	3.27558763091652E-5	0.1002815490716121	0.0014333062599820431	7.599995309933463E-5	3.949966683208543E-5	5.8731466332211335E-5	0.10312960783857915
171	nullable	3.4042308282476437E-4	2.2748571132616822E-4	0.7244228265370506	2.181484015400762E-4	3.3668013569577445E-4	1.4386622177429685E-4	5.061463820798981E-4	0.2729124344116961	3.9114128346161254E-4	5.008478325507159E-4
172	nullable	1.3007680817261612E-4	8.692305759247568E-5	0.9988812777764254	8.335524002906155E-5	1.2864661544990792E-4	5.497176859151843E-5	1.9340023979208597E-4	1.005164440963281E-4	1.4945640370520096E-4	1.9137564614531697E-4
173	pojo	8.759516668590463E-5	0.004896889002137602	0.9895699319346858	5.613234401323784E-5	8.663205902898593E-5	3.701859924486329E-5	0.004968591918699356	6.76888893491919E-5	1.0064560146232893E-4	1.2887448469273575E-4
174	row	1.2135746315488949E-4	8.109640686363288E-5	0.9352756023449174	0.023539065723473876	0.003471637135972267	5.128688561108731E-5	0.03704819014185255	9.377859767817294E-5	1.3943800021481897E-4	1.7854730026126817E-4
175	tuple	1.7050306167997156E-4	1.1393766235741366E-4	0.7677973758515378	1.0926101148764122E-4	1.6862838285413073E-4	7.205631028690918E-5	2.5350662794886535E-4	1.3175570425178702E-4	1.9590559437465704E-4	0.23098706979322087
176	value	2.2029596766671525E-4	1.4721147723330491E-4	0.9616009427011524	1.4116907940980048E-4	2.178738165221331E-4	9.309929361234678E-5	0.03683194703004309	1.702330156289884E-4	2.5311693560724853E-4	3.24110683124072E-4
177	configuration	2.969471948041998E-5	1.9843320633787986E-5	0.3412044311093443	1.902883768950859E-5	2.9368226446800947E-5	1.2549287383355011E-5	0.6585843307989198	2.294650101383825E-5	3.411881060833601E-5	4.368838847988939E-5
178	configuration	0.6000954549116827	1.2845481026230044E-4	0.13299961986464648	1.2318229292509924E-4	0.1913097261542705	8.123722634462231E-5	2.858066869167096E-4	0.07447283678002498	2.2086652853890447E-4	2.8281474438779787E-4
179	memory	0.28684664413201666	3.6460022616597036E-4	7.881168779166114E-4	0.06062353701303904	5.396103909324889E-4	2.305800073805269E-4	8.112205566828949E-4	0.6483660650337035	6.26897397562161E-4	8.027283646000192E-4
180	readable	0.4895933083044028	6.0739028918247295E-5	0.37667161208729405	5.824595308588035E-5	0.007620700487290458	3.841249876208295E-5	1.3514184938823786E-4	0.08290910785035896	1.0443531415136562E-4	0.042808296626347914
