0	authority	9.184469857601259E-4	1.97726088050438E-4	0.4223027735169875	0.035857871262692215	3.862208436265158E-4	0.5358996033810927	3.9868716422649693E-4	4.399744429195309E-4	2.991541255758418E-4	0.003299542189068708
1	authority	8.873035560329877E-4	1.9102143484356357E-4	0.001077466586422341	7.331799945581786E-4	3.7312456056486077E-4	0.46121323724987123	3.8516816326649724E-4	4.250554401275941E-4	2.890101699290779E-4	0.5344254328443837
2	authority	7.813279955469425E-4	1.6820669068441516E-4	9.487788057584163E-4	6.456122615854395E-4	3.2856023512277903E-4	0.5554223934265319	3.391654038883639E-4	3.742887231468163E-4	2.544920903652646E-4	0.4407371743673698
3	authority	0.3317977723201839	3.283331260000777E-4	0.0018519805003579695	0.0012602108225767943	6.413372062564317E-4	0.5984685234531351	6.620380963244478E-4	7.305974928663054E-4	4.967589768987916E-4	0.06376244800540017
4	degrade	0.0010265382530447453	2.2099630806745267E-4	0.4327735134596912	8.482297920071984E-4	4.316748557650326E-4	0.5597394604202657	4.456083273415212E-4	4.917546717681857E-4	3.343613275681844E-4	0.003687862584480896
5	degrade	4.1873886622288274E-4	9.014738925230716E-5	5.084811547568702E-4	3.460044283279951E-4	1.7608602421180028E-4	0.1909865271890713	1.8176967610999533E-4	0.45360012478271083	1.3639051715745132E-4	0.35355572997217855
6	degrade	5.217033630779442E-4	1.1231390238467223E-4	6.335125537575887E-4	4.310841158042763E-4	2.1938415187240721E-4	0.21136565941003915	2.264653677542748E-4	0.4455136347065294	1.699278410309026E-4	0.34080631458774935
7	degrade	0.45208789733947957	3.0465779928057283E-4	0.0017184385578854434	0.0011693399947579938	5.95091894123376E-4	0.5192605510481852	6.143000918708958E-4	6.779158321554797E-4	4.6093885962276906E-4	0.023110868582638628
8	flow	9.755127888136112E-4	2.1001138940605625E-4	0.44854168254069793	8.060673895994246E-4	4.1021787659549107E-4	0.544343444040196	4.234587662312357E-4	4.673113445561925E-4	3.1774144817304096E-4	0.0035045524157310856
9	flow	0.010628502827363072	1.6654903482043098E-4	9.394287094894155E-4	0.04991362344027152	3.2532231516723385E-4	0.3134317820100086	3.358229713232353E-4	3.7060015467059844E-4	2.5198410269714584E-4	0.6236363844341888
10	flow	3.1341578491984515E-4	6.747311281572814E-5	0.004373037970109172	0.020221237241382514	1.317960761310873E-4	0.12697892852034537	1.3605015036344148E-4	0.5950255290137022	1.0208496138921395E-4	0.2526504471688414
11	flow	0.32139680865121156	2.7052117353003715E-4	0.0015258891005455986	0.04905935028562361	5.284123956013026E-4	0.5090989184198919	5.454683324863145E-4	6.019559876765195E-4	4.0929108503115193E-4	0.11656338456840205
12	gateway	0.0010831962401472528	2.331938135525617E-4	0.3876681239655405	8.950463548317807E-4	4.5550039596080154E-4	0.4664484802085312	0.13845333926862252	5.188962125417522E-4	3.528158174313203E-4	0.0038914077228404216
13	gateway	0.0037647648770056377	5.8994005719873385E-5	3.3275883418228765E-4	2.2643126321443465E-4	0.3945682823624043	0.11800340622349262	0.22352598960339576	1.3127177631497888E-4	8.925630587928804E-5	0.2592988447483909
14	gateway	3.6946912292929135E-4	7.954044758693873E-5	4.4865213484648745E-4	3.05292780240635E-4	0.41903285944495006	0.1261562309290069	0.20724588396181215	1.7699113183135672E-4	1.2034250654729942E-4	0.2460647375402488
15	gateway	0.3262809272979059	2.890270077952395E-4	0.0016302722452484668	0.001109345766227871	5.64560073393298E-4	0.5781294386479139	0.08609288362747163	6.431346414488867E-4	4.372899025986439E-4	0.004823120789996183
16	gateway	9.755127888136112E-4	2.1001138940605625E-4	0.39883533786256153	8.060673895994246E-4	4.1021787659549107E-4	0.5940497887183324	4.234587662312357E-4	4.673113445561925E-4	3.1774144817304096E-4	0.0035045524157310856
17	gateway	1.423499022158419E-4	0.5295220239532276	1.7285771275817475E-4	1.1762389525246993E-4	0.24485895647760478	0.0884989450179328	6.17924384556427E-5	6.819154496460193E-5	4.6365834047506726E-5	0.13651089322354054
18	gateway	1.6475673551953463E-4	0.5625022016076793	2.0006668090454685E-4	1.3613868853597244E-4	0.2330312501689702	0.10662678791185963	7.151898442688533E-5	7.89253533969133E-5	5.366412859016041E-5	0.0971346897401169
19	gateway	0.269068787777284	2.662591601570949E-4	0.001501848986911277	0.001021958031856035	5.200873515129103E-4	0.7216456853603034	5.368745751207194E-4	5.924722772670083E-4	4.028427761795155E-4	0.004443183703408078
20	param	7.586748155123579E-4	1.6332984450865724E-4	0.3585037738419721	0.18425034147370006	3.190342304219856E-4	0.4523394064654619	3.2933192166377355E-4	3.6343690434769056E-4	2.4711355641629675E-4	0.0027255569459952852
21	param	6.570716480874622E-4	1.4145640255726168E-4	7.978923795425194E-4	0.1344648320397188	0.025386663489996797	0.3582807836600897	2.8522716730657293E-4	3.1476474615052324E-4	2.140196411680748E-4	0.47945728882538236
22	param	0.01593056080146282	1.2953037258258727E-4	7.306229717040412E-4	0.13845713962459877	2.5301329868693045E-4	0.4047189649476633	2.6117998608752083E-4	2.882272849278519E-4	1.9597588627542293E-4	0.4390347848260107
23	param	0.21704235630559782	2.432637000413791E-4	0.0013721418682605228	0.13048112765469608	4.751700313300211E-4	0.6449266299509732	4.90507427143364E-4	5.413034363019784E-4	3.6805127835057804E-4	0.004059448347305265
24	system	0.001054106457142903	2.2693127571982448E-4	0.33697384154916027	8.710094321802107E-4	4.4326770239541956E-4	0.5613437938512849	4.5757536439986076E-4	5.049609922509519E-4	0.09433761137563595	0.0037869019998298887
25	system	3.858114791455333E-4	8.305868022775901E-5	4.684969136109687E-4	3.1879648881953605E-4	1.6223956011250805E-4	0.18579769926334422	1.6747627999373299E-4	1.8481980260246585E-4	0.4621042748002255	0.35032732673191785
26	system	4.7729568663500095E-4	1.0275368140446421E-4	5.795876176716264E-4	3.943899993979987E-4	2.0071005252295785E-4	0.3088948429913599	2.071885114245956E-4	2.286445566167664E-4	0.45615840212368564	0.23275618477928103
27	system	0.33808892522020784	3.1605270661264073E-4	0.0017827121401446113	0.0012130760189510816	6.173497092970347E-4	0.6508890468598574	6.372763381297454E-4	7.032714544457833E-4	4.781790405849947E-4	0.0052741105117689235
28	flow	0.012920428503894858	2.0246359546050526E-4	0.2886614204607614	7.770973866861008E-4	3.9547467617154805E-4	0.6086396095636325	4.082396892040807E-4	4.505162090775697E-4	3.0632184380989817E-4	0.08723842807130164
29	flow	8.48922313460174E-4	1.8275860305675494E-4	0.001030859643244442	7.014655277003162E-4	3.569846677722053E-4	0.4520769879489892	3.685073118530866E-4	4.06669222870256E-4	2.7650873300522365E-4	0.5437503360280485
30	flow	6.570716480874622E-4	1.4145640255726168E-4	7.978923795425194E-4	5.429390923698595E-4	2.7630856236887256E-4	0.5256831498442759	2.8522716730657293E-4	3.1476474615052324E-4	2.140196411680748E-4	0.47108717051617305
31	flow	0.2984363452261821	4.175703437382895E-4	0.0023553277841691293	0.0016027218233410293	8.15645381052989E-4	0.6870012989042917	8.419725381287814E-4	9.291656006419634E-4	6.317724296227737E-4	0.0069681799688311626
